23:36:55:866	376	537	683
23:36:55:916	376	537	683
23:36:55:966	376	537	683
23:36:56:133	376	537	683
23:36:56:16	376	537	683
23:36:56:183	376	537	683
23:36:56:234	376	537	683
23:36:56:284	376	537	683
23:36:56:334	376	537	683
23:36:56:384	376	537	683
23:36:56:434	376	537	683
23:36:56:484	376	537	683
23:36:56:534	376	537	683
23:36:56:584	376	537	683
23:36:56:635	376	537	683
23:36:56:67	376	537	683
23:36:56:685	376	537	683
23:36:56:735	376	537	683
23:36:56:785	376	537	683
23:36:56:850	376	537	683
23:36:56:900	376	537	683
23:36:56:950	376	537	683
23:36:57:1	376	537	683
23:36:57:118	376	537	683
23:36:57:184	376	537	683
23:36:57:250	376	537	683
23:36:57:300	376	537	683
23:36:57:350	376	537	683
23:36:57:400	376	537	683
23:36:57:450	373	540	685
23:36:57:500	373	541	684
23:36:57:550	377	542	683
23:36:57:600	375	542	684
23:36:57:651	373	542	684
23:36:57:67	376	537	683
23:36:57:701	374	542	684
23:36:57:751	374	544	684
23:36:57:801	375	542	684
23:36:57:851	374	541	682
23:36:57:901	372	541	683
23:36:57:951	372	544	683
23:36:58:117	374	545	682
23:36:58:167	371	543	685
23:36:58:17	373	544	683
23:36:58:217	372	543	681
23:36:58:267	375	545	680
23:36:58:317	370	545	684
23:36:58:368	370	542	684
23:36:58:550	371	543	684
23:36:58:600	372	543	679
23:36:58:650	370	543	684
23:36:58:67	373	543	683
23:36:58:700	373	543	681
23:36:58:750	371	546	684
23:36:58:800	373	544	680
23:36:58:850	367	542	677
23:36:58:900	370	542	685
23:36:58:950	374	545	682
23:36:59:0	371	543	681
23:36:59:567	374	546	679
23:36:59:617	367	543	683
23:36:59:667	371	542	680
23:36:59:717	368	543	679
23:36:59:768	371	541	678
23:36:59:834	369	544	674
23:36:59:884	364	540	686
23:36:59:934	366	544	679
23:36:59:984	372	544	681
23:37:0:100	367	542	681
23:37:0:150	370	550	678
23:37:0:200	369	546	686
23:37:0:250	372	549	678
23:37:0:300	365	549	683
23:37:0:34	372	545	683
23:37:0:350	366	547	681
23:37:0:400	367	542	678
23:37:0:451	370	542	680
23:37:0:501	368	541	684
23:37:0:551	373	547	675
23:37:0:601	367	546	686
23:37:0:652	371	547	679
23:37:0:817	367	545	681
23:37:0:934	374	556	680
23:37:0:984	367	547	680
23:37:1:134	359	536	678
23:37:1:351	374	531	696
23:37:1:417	383	528	698
23:37:1:467	381	536	684
23:37:1:517	373	534	664
23:37:1:567	384	522	671
23:37:1:617	379	522	678
23:37:1:667	373	512	698
23:37:1:717	361	513	696
23:37:1:767	363	541	689
23:37:1:818	395	558	670
23:37:1:868	392	540	672
23:37:1:918	379	513	705
23:37:1:984	365	496	711
23:37:10:117	265	550	477
23:37:10:167	253	551	477
23:37:10:268	270	546	483
23:37:10:318	267	548	476
23:37:10:368	290	559	490
23:37:10:419	244	576	456
23:37:10:51	284	548	483
23:37:11:134	274	554	474
23:37:11:251	272	553	486
23:37:11:317	272	554	490
23:37:11:367	265	552	480
23:37:11:417	248	555	477
23:37:11:467	234	560	469
23:37:11:517	246	551	467
23:37:11:567	273	558	472
23:37:11:618	276	549	466
23:37:11:668	245	550	446
23:37:11:718	248	549	427
23:37:11:768	269	529	471
23:37:11:818	287	495	520
23:37:11:868	299	472	553
23:37:11:918	327	469	559
23:37:11:968	325	472	560
23:37:12:101	241	461	517
23:37:12:151	229	474	519
23:37:12:251	252	489	514
23:37:12:301	269	487	505
23:37:12:35	275	460	536
23:37:12:351	285	493	528
23:37:12:685	245	514	488
23:37:12:750	253	511	511
23:37:12:800	245	508	495
23:37:12:851	269	504	512
23:37:13:118	269	512	494
23:37:13:218	270	508	494
23:37:13:268	257	510	488
23:37:13:318	252	507	490
23:37:13:368	250	513	491
23:37:13:419	250	516	484
23:37:14:234	264	510	497
23:37:14:284	262	506	493
23:37:14:334	258	507	495
23:37:14:384	255	510	493
23:37:14:434	258	511	493
23:37:14:484	262	509	494
23:37:14:534	263	509	497
23:37:14:585	260	507	497
23:37:14:635	256	507	496
23:37:15:367	261	507	495
23:37:15:417	254	508	494
23:37:15:734	254	508	491
23:37:15:784	259	509	494
23:37:15:834	265	508	499
23:37:15:885	262	509	498
23:37:15:935	255	507	497
23:37:15:985	256	506	495
23:37:16:135	260	508	495
23:37:16:201	260	509	496
23:37:16:251	258	508	496
23:37:16:301	257	506	496
23:37:16:35	258	506	495
23:37:16:351	258	507	496
23:37:16:401	259	507	495
23:37:16:451	259	508	495
23:37:16:501	261	507	496
23:37:16:551	258	508	495
23:37:16:601	260	509	496
23:37:16:651	258	509	497
23:37:16:701	259	508	496
23:37:16:751	261	506	498
23:37:16:801	258	506	497
23:37:16:85	261	507	496
23:37:16:851	259	508	496
23:37:16:901	257	509	496
23:37:16:951	256	508	497
23:37:17:1	260	508	498
23:37:17:101	256	507	497
23:37:17:151	260	508	497
23:37:17:217	259	508	495
23:37:17:267	257	508	496
23:37:17:319	258	509	498
23:37:17:385	258	509	499
23:37:17:435	260	507	498
23:37:17:485	258	506	499
23:37:17:51	259	508	499
23:37:17:535	258	507	496
23:37:18:351	257	509	498
23:37:18:467	259	508	498
23:37:18:517	258	507	499
23:37:19:318	257	507	497
23:37:19:368	259	507	497
23:37:19:434	260	507	499
23:37:19:484	258	507	498
23:37:19:635	252	505	499
23:37:19:701	256	505	503
23:37:19:751	262	505	505
23:37:19:801	264	505	504
23:37:19:851	252	505	495
23:37:19:901	254	509	495
23:37:19:951	264	510	494
23:37:2:101	391	545	665
23:37:2:418	387	526	674
23:37:2:484	384	524	686
23:37:2:534	378	522	695
23:37:2:584	376	524	688
23:37:2:634	370	524	690
23:37:2:684	372	523	694
23:37:2:734	376	523	685
23:37:2:784	380	522	688
23:37:2:950	377	515	697
23:37:20:1	268	510	495
23:37:20:101	252	502	501
23:37:20:151	257	498	499
23:37:20:201	256	498	502
23:37:20:252	258	505	499
23:37:20:318	260	507	502
23:37:20:368	265	505	500
23:37:20:418	260	501	494
23:37:20:468	262	499	497
23:37:20:51	257	508	494
23:37:20:518	256	503	497
23:37:20:568	257	503	501
23:37:20:618	258	503	502
23:37:20:668	259	500	508
23:37:20:718	258	499	503
23:37:20:768	254	497	502
23:37:20:818	253	500	498
23:37:20:868	253	502	497
23:37:20:918	262	507	496
23:37:20:968	270	502	499
23:37:21:134	254	501	502
23:37:21:184	255	495	500
23:37:21:19	266	503	499
23:37:21:234	264	496	502
23:37:21:284	258	499	493
23:37:21:334	264	503	499
23:37:21:384	254	503	490
23:37:21:434	262	499	503
23:37:21:485	259	497	494
23:37:21:535	262	496	504
23:37:21:585	252	496	497
23:37:21:635	253	500	499
23:37:21:685	263	500	496
23:37:21:735	263	503	490
23:37:21:785	263	503	487
23:37:21:84	249	502	498
23:37:21:851	258	505	483
23:37:21:902	260	501	492
23:37:22:418	264	502	505
23:37:22:484	239	497	498
23:37:22:584	276	504	507
23:37:22:902	268	504	508
23:37:22:952	257	501	503
23:37:23:118	260	503	502
23:37:23:168	258	503	502
23:37:23:2	254	501	500
23:37:23:218	260	502	502
23:37:23:268	262	501	504
23:37:23:318	257	502	504
23:37:23:368	254	503	500
23:37:23:418	257	502	501
23:37:23:468	261	501	502
23:37:23:518	259	501	502
23:37:23:568	258	501	502
23:37:23:618	258	501	500
23:37:23:668	260	501	503
23:37:23:68	256	503	500
23:37:23:718	259	502	501
23:37:23:768	260	502	501
23:37:23:834	257	501	501
23:37:23:884	257	500	501
23:37:23:934	259	501	502
23:37:23:984	259	502	501
23:37:24:134	258	501	501
23:37:24:184	257	501	501
23:37:24:234	258	501	504
23:37:24:284	262	501	504
23:37:24:335	260	500	502
23:37:24:34	259	501	501
23:37:24:385	255	501	499
23:37:24:435	257	505	501
23:37:24:485	258	505	500
23:37:24:535	261	502	504
23:37:24:585	256	499	502
23:37:24:635	259	500	504
23:37:24:685	261	501	503
23:37:24:735	262	503	500
23:37:24:785	257	503	497
23:37:24:835	255	503	498
23:37:24:84	259	502	501
23:37:24:885	258	504	501
23:37:24:935	264	502	504
23:37:25:2	263	502	507
23:37:25:384	255	504	506
23:37:25:435	262	502	510
23:37:25:485	264	502	507
23:37:25:552	259	500	507
23:37:25:617	258	502	503
23:37:25:667	258	503	502
23:37:25:717	256	503	502
23:37:25:768	253	503	503
23:37:25:818	259	503	506
23:37:25:868	261	501	508
23:37:25:918	259	501	508
23:37:25:968	254	502	504
23:37:26:118	258	502	502
23:37:26:168	257	503	500
23:37:26:18	260	503	503
23:37:26:218	258	503	503
23:37:26:269	259	503	505
23:37:26:501	256	505	501
23:37:26:551	261	502	503
23:37:26:601	268	502	505
23:37:26:651	259	502	505
23:37:26:68	263	503	502
23:37:26:701	253	504	505
23:37:27:518	256	502	504
23:37:27:568	256	502	499
23:37:27:619	256	508	502
23:37:27:685	253	506	509
23:37:27:735	264	504	518
23:37:27:786	260	498	513
23:37:27:851	256	497	507
23:37:27:901	252	501	500
23:37:27:951	255	505	501
23:37:28:1	264	507	501
23:37:28:101	263	502	509
23:37:28:151	256	499	508
23:37:28:201	250	499	506
23:37:28:251	258	500	503
23:37:28:301	256	503	502
23:37:28:351	263	506	502
23:37:28:401	258	505	506
23:37:28:451	257	502	507
23:37:28:501	262	498	509
23:37:28:51	264	507	505
23:37:28:552	261	501	503
23:37:28:602	255	503	498
23:37:28:652	254	507	499
23:37:28:718	260	505	498
23:37:28:768	265	502	511
23:37:28:818	255	504	508
23:37:28:868	256	503	511
23:37:28:918	256	501	500
23:37:28:968	256	501	498
23:37:29:118	261	508	503
23:37:29:168	259	506	503
23:37:29:18	262	504	497
23:37:29:218	259	502	505
23:37:29:268	261	503	506
23:37:29:318	252	504	502
23:37:29:368	256	505	502
23:37:29:418	262	505	503
23:37:29:468	258	507	501
23:37:29:518	252	504	501
23:37:29:568	254	505	504
23:37:29:618	269	508	516
23:37:29:668	271	507	519
23:37:29:68	259	507	494
23:37:29:718	255	501	513
23:37:29:768	241	497	500
23:37:29:818	247	498	495
23:37:29:884	270	506	503
23:37:29:934	270	514	506
23:37:29:985	258	517	510
23:37:3:0	383	512	701
23:37:3:100	365	492	704
23:37:3:150	366	476	712
23:37:3:200	364	464	695
23:37:3:251	377	457	685
23:37:3:301	388	441	675
23:37:3:351	378	432	662
23:37:3:401	364	413	646
23:37:3:451	356	415	609
23:37:3:50	378	501	709
23:37:3:501	337	418	570
23:37:3:551	323	438	534
23:37:3:601	309	467	499
23:37:3:651	277	484	470
23:37:3:701	261	498	462
23:37:3:751	237	509	464
23:37:3:802	236	521	462
23:37:3:934	261	529	476
23:37:3:984	267	524	496
23:37:30:135	257	498	514
23:37:30:185	258	501	514
23:37:30:235	263	509	511
23:37:30:285	262	509	504
23:37:30:335	250	507	499
23:37:30:35	252	511	509
23:37:30:385	246	509	506
23:37:30:435	256	510	511
23:37:30:485	272	507	514
23:37:30:535	268	504	512
23:37:30:585	253	504	507
23:37:30:635	243	507	501
23:37:30:751	261	510	508
23:37:30:801	271	507	512
23:37:30:85	254	501	510
23:37:30:851	268	504	506
23:37:30:901	257	502	506
23:37:30:951	246	504	501
23:37:31:1	253	507	506
23:37:31:101	267	508	512
23:37:31:151	257	504	509
23:37:31:201	251	505	508
23:37:31:251	251	506	506
23:37:31:301	262	508	508
23:37:31:352	263	508	507
23:37:31:402	259	508	508
23:37:31:452	253	508	506
23:37:31:502	255	506	506
23:37:31:51	265	509	508
23:37:31:552	260	505	508
23:37:31:602	262	504	511
23:37:31:652	259	507	509
23:37:31:702	264	508	510
23:37:31:768	259	509	509
23:37:31:818	254	508	501
23:37:31:868	255	507	499
23:37:31:918	257	508	509
23:37:31:968	263	507	513
23:37:32:118	247	503	519
23:37:32:168	242	499	513
23:37:32:18	262	509	521
23:37:32:218	265	496	517
23:37:32:268	260	502	499
23:37:32:318	260	507	498
23:37:32:368	263	511	495
23:37:32:418	257	511	499
23:37:32:468	261	509	502
23:37:32:518	258	503	508
23:37:32:568	266	498	516
23:37:32:618	250	496	507
23:37:32:668	254	499	510
23:37:32:68	255	506	519
23:37:32:718	253	503	501
23:37:32:769	266	505	504
23:37:32:819	261	504	498
23:37:32:885	262	502	504
23:37:32:935	259	500	499
23:37:32:985	256	500	501
23:37:33:135	262	502	502
23:37:33:185	258	499	504
23:37:33:235	260	499	503
23:37:33:285	254	500	499
23:37:33:335	261	502	501
23:37:33:35	256	500	498
23:37:33:385	257	502	499
23:37:33:435	260	500	505
23:37:33:485	257	498	501
23:37:33:535	256	500	504
23:37:33:585	258	499	497
23:37:33:635	259	499	497
23:37:33:685	259	501	499
23:37:33:735	262	502	503
23:37:33:785	258	501	500
23:37:33:835	259	498	501
23:37:33:85	258	503	503
23:37:33:901	259	499	497
23:37:33:951	253	499	501
23:37:34:1	263	502	501
23:37:34:101	262	499	501
23:37:34:151	251	498	499
23:37:34:202	260	499	498
23:37:34:252	261	500	502
23:37:34:302	254	501	501
23:37:34:352	264	500	504
23:37:34:402	256	500	497
23:37:34:452	264	499	502
23:37:34:502	252	501	495
23:37:34:51	261	500	502
23:37:34:553	256	502	502
23:37:34:719	256	503	499
23:37:34:835	260	502	505
23:37:34:885	257	502	507
23:37:34:986	261	498	510
23:37:35:102	253	502	509
23:37:35:152	255	503	506
23:37:35:218	264	500	505
23:37:35:268	258	499	503
23:37:35:318	248	501	492
23:37:35:369	274	506	519
23:37:35:51	254	499	505
23:37:35:802	238	497	518
23:37:35:852	236	499	515
23:37:35:902	260	502	517
23:37:36:2	266	503	518
23:37:36:318	255	502	519
23:37:36:368	256	502	517
23:37:36:418	259	501	519
23:37:36:468	258	500	518
23:37:36:518	258	500	518
23:37:36:568	259	500	520
23:37:36:618	261	501	520
23:37:36:668	257	502	519
23:37:36:718	257	500	520
23:37:36:768	258	499	518
23:37:36:818	260	500	517
23:37:36:868	257	500	516
23:37:36:968	258	499	518
23:37:37:185	258	501	518
23:37:37:19	258	499	518
23:37:37:235	258	500	518
23:37:37:285	257	500	518
23:37:37:335	260	500	520
23:37:37:385	260	499	518
23:37:37:435	259	500	517
23:37:37:485	255	502	517
23:37:37:535	256	502	516
23:37:37:585	262	499	519
23:37:37:636	261	499	519
23:37:37:701	255	500	517
23:37:37:751	257	502	519
23:37:37:801	256	503	517
23:37:37:851	260	502	519
23:37:37:901	261	501	519
23:37:37:951	258	501	517
23:37:38:1	257	499	518
23:37:38:101	256	502	518
23:37:38:151	260	501	521
23:37:38:201	256	501	518
23:37:38:251	257	501	520
23:37:38:301	260	501	518
23:37:38:351	259	502	518
23:37:38:402	260	502	518
23:37:38:452	258	502	515
23:37:38:502	256	501	518
23:37:38:51	258	500	518
23:37:38:553	256	501	520
23:37:38:619	259	500	521
23:37:38:669	261	499	520
23:37:38:835	261	502	520
23:37:38:935	257	499	518
23:37:38:986	257	501	518
23:37:39:268	258	500	518
23:37:39:318	256	500	519
23:37:39:368	260	501	517
23:37:39:418	260	501	515
23:37:39:468	263	501	517
23:37:39:518	255	501	519
23:37:39:568	250	502	522
23:37:39:618	266	506	527
23:37:39:668	263	501	522
23:37:39:718	254	494	519
23:37:39:768	243	492	514
23:37:39:819	258	498	518
23:37:39:886	271	506	519
23:37:39:952	271	507	522
23:37:4:234	256	556	462
23:37:4:34	261	530	470
23:37:4:400	267	551	475
23:37:4:450	276	550	470
23:37:4:500	267	544	480
23:37:4:550	269	545	464
23:37:4:600	261	546	468
23:37:4:651	260	545	465
23:37:4:701	271	544	474
23:37:4:751	270	542	480
23:37:4:801	263	544	475
23:37:4:84	271	533	472
23:37:4:851	263	545	474
23:37:4:901	264	546	476
23:37:4:951	260	544	478
23:37:40:102	250	501	518
23:37:40:152	263	501	522
23:37:40:2	256	503	517
23:37:40:202	266	501	523
23:37:40:252	262	499	518
23:37:40:302	255	500	515
23:37:40:352	250	500	513
23:37:40:402	257	501	513
23:37:40:452	264	502	517
23:37:40:502	265	499	517
23:37:40:52	242	500	515
23:37:40:553	259	499	516
23:37:40:918	255	498	515
23:37:40:968	258	497	515
23:37:41:118	258	499	515
23:37:41:168	259	498	517
23:37:41:18	259	498	515
23:37:41:219	258	499	516
23:37:41:269	254	499	516
23:37:41:319	258	500	515
23:37:41:369	257	500	512
23:37:41:419	263	498	512
23:37:41:469	256	497	510
23:37:41:519	251	503	515
23:37:41:569	259	502	523
23:37:41:619	263	499	521
23:37:41:669	264	493	513
23:37:41:68	260	499	516
23:37:41:935	279	503	527
23:37:41:985	264	493	525
23:37:42:135	272	501	534
23:37:42:186	270	501	545
23:37:42:35	248	493	528
23:37:42:85	258	497	532
23:37:42:870	299	515	392
23:37:42:936	284	525	398
23:37:43:102	263	528	424
23:37:43:152	265	525	430
23:37:43:202	274	528	417
23:37:43:252	292	530	413
23:37:43:302	300	527	410
23:37:43:352	293	522	410
23:37:43:402	290	518	417
23:37:43:452	291	524	412
23:37:43:52	280	531	417
23:37:43:918	285	527	417
23:37:44:119	283	529	416
23:37:44:169	287	528	420
23:37:44:19	284	528	416
23:37:44:219	287	528	419
23:37:44:269	284	529	418
23:37:44:320	286	528	422
23:37:44:69	287	528	424
23:37:44:885	285	528	418
23:37:45:102	283	528	418
23:37:45:168	289	529	418
23:37:45:218	287	530	419
23:37:45:269	284	529	420
23:37:45:335	286	530	416
23:37:45:385	287	531	414
23:37:45:436	287	529	420
23:37:45:486	282	531	421
23:37:45:52	287	527	421
23:37:45:536	290	530	419
23:37:45:919	291	531	416
23:37:45:985	292	532	416
23:37:46:135	287	530	416
23:37:46:185	291	531	414
23:37:46:236	288	529	419
23:37:46:302	288	530	414
23:37:46:35	288	532	411
23:37:46:352	283	528	415
23:37:46:403	288	528	418
23:37:46:685	282	530	406
23:37:46:735	290	526	419
23:37:46:785	287	534	419
23:37:46:836	294	535	421
23:37:46:85	288	529	416
23:37:46:886	290	537	413
23:37:46:937	283	530	411
23:37:47:119	289	536	415
23:37:47:169	298	532	414
23:37:47:220	286	534	409
23:37:47:3	289	537	413
23:37:47:53	286	540	416
23:37:47:852	285	537	415
23:37:47:902	299	536	411
23:37:47:952	298	536	404
23:37:48:118	284	538	408
23:37:48:168	288	537	416
23:37:48:2	297	533	397
23:37:48:219	296	537	414
23:37:48:269	299	534	414
23:37:48:319	289	538	404
23:37:48:369	290	537	402
23:37:48:419	298	537	406
23:37:48:470	298	537	406
23:37:48:535	293	537	405
23:37:48:585	296	536	408
23:37:48:636	296	536	404
23:37:48:68	294	535	403
23:37:48:686	299	535	407
23:37:49:102	295	536	406
23:37:49:152	297	535	407
23:37:49:202	300	536	402
23:37:49:252	299	535	403
23:37:49:302	297	536	402
23:37:49:352	295	536	402
23:37:49:402	297	535	405
23:37:49:452	296	538	408
23:37:49:636	301	540	397
23:37:49:686	300	540	400
23:37:49:736	300	543	400
23:37:49:786	303	540	401
23:37:49:836	301	540	400
23:37:49:886	302	543	398
23:37:49:936	297	541	400
23:37:5:1	261	547	473
23:37:5:101	269	546	478
23:37:5:152	266	552	474
23:37:5:217	257	548	471
23:37:5:267	258	548	474
23:37:5:317	267	548	477
23:37:5:367	271	546	480
23:37:5:417	268	548	474
23:37:5:467	266	552	471
23:37:5:51	259	546	480
23:37:5:517	264	553	462
23:37:5:567	264	553	462
23:37:5:617	269	554	470
23:37:5:667	271	546	477
23:37:5:717	270	545	472
23:37:5:767	259	548	464
23:37:5:818	264	552	469
23:37:5:884	275	556	478
23:37:50:102	297	540	404
23:37:50:152	299	540	403
23:37:50:2	299	540	405
23:37:50:202	294	541	395
23:37:50:252	301	536	414
23:37:50:302	293	534	421
23:37:50:352	291	536	419
23:37:50:402	289	541	404
23:37:50:452	291	545	390
23:37:50:502	309	541	398
23:37:50:52	297	541	402
23:37:50:552	303	535	411
23:37:50:602	284	536	414
23:37:50:652	285	538	418
23:37:50:702	292	539	414
23:37:50:752	298	539	412
23:37:50:802	293	540	410
23:37:50:852	284	539	404
23:37:50:902	295	536	409
23:37:50:952	297	538	413
23:37:51:18	290	539	412
23:37:51:236	288	539	410
23:37:51:302	298	536	414
23:37:51:70	293	538	414
23:37:51:819	294	538	414
23:37:51:885	293	536	413
23:37:51:935	290	537	416
23:37:51:985	284	542	411
23:37:52:203	286	537	411
23:37:52:268	292	539	412
23:37:52:36	289	539	415
23:37:52:419	287	537	417
23:37:53:219	290	538	413
23:37:53:269	292	538	422
23:37:53:319	280	538	415
23:37:53:369	289	537	417
23:37:53:536	284	535	419
23:37:53:601	286	537	418
23:37:53:652	290	540	416
23:37:53:702	287	537	415
23:37:53:752	293	536	421
23:37:53:802	286	541	411
23:37:53:853	292	537	415
23:37:53:919	293	538	411
23:37:53:969	291	539	412
23:37:54:119	291	539	412
23:37:54:169	291	540	409
23:37:54:19	289	539	414
23:37:54:219	290	540	407
23:37:54:269	292	543	409
23:37:54:319	291	540	414
23:37:54:369	290	538	419
23:37:54:419	286	540	408
23:37:54:469	296	540	408
23:37:54:519	299	539	409
23:37:54:569	293	539	407
23:37:54:619	292	534	407
23:37:54:669	301	526	418
23:37:54:69	293	540	414
23:37:54:720	297	535	409
23:37:54:785	292	550	390
23:37:54:835	308	555	399
23:37:54:885	312	549	408
23:37:54:935	294	542	396
23:37:54:986	293	536	396
23:37:55:202	300	546	401
23:37:55:369	307	543	394
23:37:55:519	310	547	398
23:37:56:135	308	551	398
23:37:56:185	301	549	394
23:37:56:236	306	546	395
23:37:56:302	309	548	389
23:37:56:352	315	546	396
23:37:56:402	312	547	394
23:37:56:452	303	546	391
23:37:56:518	304	549	394
23:37:56:568	303	549	394
23:37:56:618	305	550	400
23:37:56:669	307	549	401
23:37:56:719	300	549	395
23:37:56:769	311	545	399
23:37:56:820	304	547	393
23:37:56:85	314	552	396
23:37:56:870	304	549	394
23:37:57:202	303	548	400
23:37:57:252	302	547	400
23:37:57:302	302	546	401
23:37:57:352	299	545	402
23:37:57:452	303	547	404
23:37:57:502	298	546	401
23:37:58:303	299	547	408
23:37:58:369	295	554	396
23:37:58:419	305	541	409
23:37:58:469	300	538	414
23:37:58:619	309	551	409
23:37:59:335	299	547	417
23:37:59:385	261	560	403
23:37:59:435	280	556	425
23:37:59:486	294	553	435
23:37:59:586	298	546	426
23:37:59:852	280	543	435
23:37:59:902	284	557	445
23:37:59:952	286	569	456
23:37:6:101	263	546	471
23:37:6:151	270	549	474
23:37:6:201	270	549	484
23:37:6:251	264	547	488
23:37:6:301	259	542	477
23:37:6:351	255	546	467
23:37:6:401	257	551	464
23:37:6:451	271	551	472
23:37:6:501	280	550	476
23:37:6:51	259	551	457
23:37:6:551	273	553	474
23:37:6:601	265	555	468
23:37:6:651	263	553	468
23:37:6:701	264	550	470
23:37:6:751	263	548	478
23:37:6:801	265	547	478
23:37:7:117	272	547	483
23:37:7:167	261	544	474
23:37:7:17	257	554	474
23:37:7:217	252	547	475
23:37:7:267	259	549	474
23:37:7:317	271	548	482
23:37:7:367	279	546	480
23:37:7:417	269	545	475
23:37:7:468	254	548	465
23:37:7:518	253	551	465
23:37:7:568	265	550	467
23:37:7:618	274	551	468
23:37:7:668	275	553	467
23:37:7:67	267	553	474
23:37:7:718	273	552	465
23:37:7:768	273	554	458
23:37:8:100	262	545	469
23:37:8:150	259	552	456
23:37:8:200	273	550	458
23:37:9:1	262	549	461
23:37:9:151	268	554	459
23:37:9:201	268	558	457
23:37:9:251	270	559	454
23:37:9:301	275	556	462
23:37:9:351	271	554	457
23:37:9:401	273	551	465
23:37:9:451	274	552	465
23:37:9:501	270	552	465
23:37:9:551	265	552	465
23:37:9:601	263	557	455
23:37:9:651	257	558	454
23:37:9:701	280	549	480
23:37:9:884	247	553	456
23:37:9:934	263	558	463
23:37:9:984	281	553	476
23:38:0:102	260	543	477
23:38:0:152	250	534	464
23:38:0:2	277	573	473
23:38:0:202	240	538	449
23:38:0:252	273	537	447
23:38:0:302	280	537	442
23:38:0:353	276	540	435
23:38:0:419	284	542	434
23:38:0:469	286	541	441
23:38:0:519	279	541	440
23:38:0:52	269	564	482
23:38:0:569	278	540	441
23:38:0:619	269	544	437
23:38:0:669	268	547	434
23:38:0:735	270	546	439
23:38:0:785	281	540	445
23:38:0:835	285	542	446
23:38:0:887	278	544	440
23:38:1:269	266	542	440
23:38:1:319	261	546	435
23:38:1:369	278	543	440
23:38:1:420	284	543	443
23:38:1:486	281	544	444
23:38:1:552	273	543	444
23:38:1:602	267	544	441
23:38:1:652	272	543	439
23:38:1:702	283	544	439
23:38:1:752	283	545	438
23:38:1:803	276	545	439
23:38:10:136	281	542	436
23:38:10:186	278	542	433
23:38:10:19	279	545	434
23:38:10:236	277	543	434
23:38:10:286	278	541	434
23:38:10:336	279	542	433
23:38:10:387	282	542	436
23:38:10:602	280	540	434
23:38:10:70	281	542	437
23:38:10:703	277	541	434
23:38:10:753	278	541	433
23:38:10:804	278	541	433
23:38:10:871	279	541	434
23:38:10:936	278	541	431
23:38:10:987	278	540	433
23:38:11:103	280	540	433
23:38:11:153	277	540	433
23:38:11:203	278	539	434
23:38:11:253	280	539	434
23:38:11:303	279	540	433
23:38:11:353	278	541	432
23:38:11:403	278	539	434
23:38:11:453	278	538	436
23:38:11:503	277	540	434
23:38:11:53	281	540	435
23:38:11:553	279	538	434
23:38:11:719	278	541	434
23:38:11:769	277	538	435
23:38:11:819	279	538	436
23:38:11:869	275	540	434
23:38:11:919	279	539	434
23:38:11:969	278	538	434
23:38:12:120	277	539	436
23:38:12:170	276	537	435
23:38:12:19	278	538	434
23:38:12:220	279	538	435
23:38:12:270	279	539	434
23:38:12:320	276	538	434
23:38:12:370	277	539	434
23:38:12:420	279	538	436
23:38:12:470	278	539	435
23:38:12:520	277	539	434
23:38:12:570	278	539	434
23:38:12:686	277	538	436
23:38:12:69	280	540	436
23:38:12:736	277	538	435
23:38:12:853	275	539	434
23:38:12:903	278	538	436
23:38:13:119	280	539	435
23:38:13:169	278	538	435
23:38:13:19	277	539	434
23:38:13:219	278	537	435
23:38:13:269	277	538	433
23:38:13:319	280	540	433
23:38:13:369	281	539	435
23:38:13:420	277	539	434
23:38:13:486	276	538	434
23:38:13:536	279	539	434
23:38:13:587	278	539	434
23:38:13:69	279	540	435
23:38:13:720	277	538	433
23:38:13:771	279	538	433
23:38:13:836	278	538	433
23:38:13:886	279	538	434
23:38:13:936	280	537	433
23:38:13:986	276	537	432
23:38:14:136	278	537	433
23:38:14:186	280	536	433
23:38:14:236	277	536	433
23:38:14:286	278	537	430
23:38:14:336	280	537	431
23:38:14:36	279	538	433
23:38:14:386	279	536	433
23:38:14:436	278	536	432
23:38:14:487	279	536	432
23:38:14:553	278	536	433
23:38:14:719	280	537	432
23:38:14:819	278	535	432
23:38:14:86	279	538	434
23:38:14:869	278	537	432
23:38:14:920	280	536	430
23:38:14:970	279	535	431
23:38:15:121	278	536	432
23:38:15:20	279	535	431
23:38:15:253	279	536	429
23:38:15:303	280	536	429
23:38:15:353	281	534	432
23:38:15:404	278	535	432
23:38:15:470	278	535	431
23:38:15:70	280	536	432
23:38:15:703	283	536	432
23:38:15:754	278	535	431
23:38:15:819	278	535	430
23:38:15:869	280	535	434
23:38:15:919	278	536	431
23:38:15:969	283	539	433
23:38:16:136	266	530	436
23:38:16:186	264	531	440
23:38:16:19	284	538	430
23:38:16:237	275	534	441
23:38:16:287	283	533	444
23:38:16:470	278	533	434
23:38:16:520	284	532	437
23:38:16:570	279	534	433
23:38:16:621	267	534	433
23:38:16:686	273	530	439
23:38:16:70	278	535	434
23:38:16:736	280	527	442
23:38:16:786	280	528	440
23:38:16:836	275	533	432
23:38:16:886	274	536	428
23:38:16:936	276	534	430
23:38:16:986	281	530	437
23:38:17:136	277	530	430
23:38:17:186	277	532	427
23:38:17:236	282	533	428
23:38:17:286	284	533	430
23:38:17:336	282	531	429
23:38:17:36	279	529	438
23:38:17:386	279	531	428
23:38:17:436	278	530	428
23:38:17:486	279	532	427
23:38:17:537	282	532	427
23:38:17:602	283	532	427
23:38:17:652	284	531	425
23:38:17:702	283	532	423
23:38:17:753	284	533	422
23:38:17:803	283	532	427
23:38:17:853	283	533	429
23:38:17:86	277	530	433
23:38:17:903	280	537	422
23:38:17:954	286	534	426
23:38:18:120	290	538	416
23:38:18:4	286	536	416
23:38:18:653	293	538	432
23:38:18:70	285	540	415
23:38:18:719	282	530	438
23:38:18:769	265	528	430
23:38:18:819	261	530	418
23:38:18:869	284	536	418
23:38:18:919	301	539	429
23:38:18:969	293	535	438
23:38:19:119	267	530	431
23:38:19:170	284	535	434
23:38:19:19	272	531	439
23:38:19:220	286	535	436
23:38:19:270	279	533	430
23:38:19:320	272	532	430
23:38:19:370	276	532	434
23:38:19:420	284	530	436
23:38:19:470	284	533	432
23:38:19:520	277	532	432
23:38:19:570	276	534	430
23:38:19:620	277	534	436
23:38:19:670	273	532	435
23:38:19:69	259	528	433
23:38:19:720	274	531	434
23:38:19:770	276	531	433
23:38:19:820	279	530	433
23:38:19:870	279	530	433
23:38:19:936	278	531	427
23:38:19:986	283	533	426
23:38:2:185	283	542	434
23:38:2:235	278	545	429
23:38:2:286	274	547	431
23:38:2:337	269	552	430
23:38:2:403	270	553	430
23:38:2:453	275	547	437
23:38:2:503	280	545	444
23:38:2:553	286	541	456
23:38:2:604	285	536	454
23:38:2:670	275	539	442
23:38:20:136	284	536	422
23:38:20:187	281	534	422
23:38:20:253	282	534	425
23:38:20:303	283	534	427
23:38:20:36	287	535	424
23:38:20:86	285	537	422
23:38:20:936	288	530	421
23:38:21:353	288	537	418
23:38:21:36	288	536	421
23:38:21:403	287	535	420
23:38:21:453	284	535	421
23:38:21:503	287	534	420
23:38:21:553	287	534	417
23:38:21:603	289	535	417
23:38:21:653	289	537	415
23:38:21:703	288	538	416
23:38:21:753	288	537	417
23:38:21:804	288	536	416
23:38:21:86	285	537	418
23:38:21:869	288	536	418
23:38:21:919	287	537	417
23:38:21:970	286	536	418
23:38:22:120	288	536	415
23:38:22:170	292	538	414
23:38:22:20	287	536	420
23:38:22:221	289	539	413
23:38:22:287	288	540	416
23:38:22:670	289	537	417
23:38:22:70	286	535	419
23:38:22:720	288	538	416
23:38:22:770	287	538	415
23:38:22:820	290	538	416
23:38:22:886	289	538	417
23:38:22:936	289	539	415
23:38:22:986	286	539	416
23:38:23:137	288	538	415
23:38:23:202	289	539	417
23:38:23:252	289	539	417
23:38:23:303	288	536	416
23:38:23:36	288	538	416
23:38:23:538	288	537	417
23:38:23:603	289	539	415
23:38:23:653	287	539	416
23:38:23:703	289	537	418
23:38:23:753	288	537	419
23:38:23:803	286	538	417
23:38:23:854	289	538	416
23:38:23:86	289	536	417
23:38:24:120	286	537	417
23:38:24:170	288	538	417
23:38:24:20	290	538	418
23:38:24:220	289	538	416
23:38:24:270	289	537	415
23:38:24:320	288	537	417
23:38:24:370	287	537	417
23:38:24:420	287	537	416
23:38:24:70	288	537	417
23:38:24:953	291	541	411
23:38:25:104	287	532	430
23:38:25:170	277	529	424
23:38:25:220	282	536	416
23:38:25:270	290	542	414
23:38:25:3	291	543	414
23:38:25:320	294	542	413
23:38:25:370	289	541	415
23:38:25:420	283	537	422
23:38:25:470	282	533	424
23:38:25:521	283	533	426
23:38:25:53	289	536	426
23:38:25:586	283	539	419
23:38:25:636	288	540	416
23:38:25:686	290	539	416
23:38:25:736	286	538	418
23:38:25:786	287	537	421
23:38:25:836	284	536	422
23:38:25:886	283	536	422
23:38:25:936	288	536	422
23:38:25:986	288	535	423
23:38:26:136	288	540	416
23:38:26:187	291	542	414
23:38:26:237	289	541	422
23:38:26:287	282	539	418
23:38:26:337	289	533	420
23:38:26:36	285	537	418
23:38:26:387	291	537	413
23:38:26:454	292	542	411
23:38:26:504	295	544	408
23:38:26:637	294	533	445
23:38:26:687	264	530	436
23:38:26:737	253	532	426
23:38:26:787	270	539	416
23:38:26:853	295	543	417
23:38:26:86	286	540	418
23:38:26:903	303	540	428
23:38:26:953	293	533	438
23:38:27:103	272	533	430
23:38:27:153	277	537	433
23:38:27:203	282	539	436
23:38:27:253	278	537	433
23:38:27:3	272	530	435
23:38:27:303	282	530	431
23:38:27:353	286	530	430
23:38:27:404	283	533	429
23:38:27:454	274	539	427
23:38:27:504	272	540	429
23:38:27:53	264	530	429
23:38:27:554	274	538	437
23:38:27:604	283	532	441
23:38:27:654	275	529	440
23:38:27:704	276	530	435
23:38:27:755	276	533	429
23:38:27:821	281	538	427
23:38:28:153	282	539	428
23:38:28:254	282	538	427
23:38:28:321	283	537	429
23:38:28:386	283	536	429
23:38:28:437	281	536	427
23:38:28:88	278	535	431
23:38:28:919	289	538	426
23:38:28:970	288	535	427
23:38:29:121	286	542	429
23:38:29:187	286	537	434
23:38:29:20	278	542	416
23:38:29:237	279	534	435
23:38:29:287	267	534	431
23:38:29:337	268	535	432
23:38:29:387	282	532	437
23:38:29:437	286	531	433
23:38:29:487	286	535	425
23:38:29:537	281	540	418
23:38:29:587	285	543	416
23:38:29:638	289	540	422
23:38:29:70	279	545	420
23:38:29:703	285	534	427
23:38:29:754	281	532	431
23:38:3:352	287	535	442
23:38:3:402	293	534	442
23:38:3:452	286	541	445
23:38:3:502	278	546	445
23:38:3:552	266	546	445
23:38:3:653	270	542	436
23:38:3:703	280	543	437
23:38:3:819	282	543	449
23:38:3:870	269	542	446
23:38:3:936	262	542	443
23:38:3:986	267	544	442
23:38:30:136	286	537	426
23:38:30:186	286	540	416
23:38:30:237	285	540	418
23:38:30:303	286	541	419
23:38:30:354	286	538	425
23:38:30:404	284	536	428
23:38:30:454	283	539	421
23:38:30:504	287	536	423
23:38:30:554	282	538	422
23:38:30:605	281	539	425
23:38:30:671	286	537	425
23:38:30:86	283	538	426
23:38:31:103	286	538	424
23:38:31:154	286	538	422
23:38:31:220	285	540	420
23:38:31:271	285	539	422
23:38:31:3	284	539	421
23:38:31:336	284	539	422
23:38:31:386	285	538	423
23:38:31:437	285	539	422
23:38:31:53	285	540	421
23:38:31:770	286	542	419
23:38:31:822	288	540	424
23:38:31:888	284	537	423
23:38:32:121	274	541	421
23:38:32:187	287	540	423
23:38:32:20	288	539	421
23:38:32:237	290	535	427
23:38:32:287	285	536	421
23:38:32:337	283	536	422
23:38:32:387	285	540	422
23:38:32:437	287	540	423
23:38:32:487	286	539	422
23:38:32:537	284	538	424
23:38:32:587	282	538	423
23:38:32:638	280	541	421
23:38:32:70	286	535	426
23:38:32:703	285	540	424
23:38:32:753	285	538	426
23:38:32:803	284	538	425
23:38:32:853	284	539	420
23:38:32:904	282	543	418
23:38:33:187	289	541	420
23:38:33:237	287	539	422
23:38:33:287	283	537	424
23:38:33:337	282	538	425
23:38:33:387	281	539	424
23:38:33:488	286	543	422
23:38:33:553	287	540	421
23:38:33:604	285	539	419
23:38:33:654	287	541	422
23:38:33:704	286	539	423
23:38:33:754	283	539	422
23:38:33:821	284	539	424
23:38:34:303	284	541	421
23:38:34:353	286	541	420
23:38:34:870	292	546	411
23:38:34:920	291	545	414
23:38:34:970	289	539	428
23:38:35:121	278	538	426
23:38:35:187	283	541	422
23:38:35:21	280	537	429
23:38:35:237	288	541	422
23:38:35:287	290	539	424
23:38:35:338	284	539	421
23:38:35:404	284	540	420
23:38:35:470	290	536	427
23:38:35:637	281	543	428
23:38:35:687	286	538	432
23:38:35:71	275	536	428
23:38:35:737	283	540	430
23:38:35:787	279	545	422
23:38:35:837	277	544	427
23:38:35:904	278	543	429
23:38:35:954	290	536	437
23:38:36:271	280	538	439
23:38:36:321	273	540	432
23:38:36:437	285	540	436
23:38:36:487	282	538	434
23:38:37:103	285	540	425
23:38:37:153	284	543	424
23:38:37:203	281	545	425
23:38:37:253	281	543	429
23:38:37:303	285	540	430
23:38:37:353	286	540	420
23:38:37:404	288	545	422
23:38:37:455	281	546	420
23:38:37:521	283	542	427
23:38:37:571	289	539	433
23:38:37:621	281	542	424
23:38:37:671	284	544	422
23:38:37:721	279	546	423
23:38:37:771	281	545	428
23:38:37:838	285	541	439
23:38:37:970	289	544	419
23:38:38:137	286	545	432
23:38:38:187	282	540	431
23:38:38:20	289	543	419
23:38:38:238	273	539	429
23:38:38:371	285	541	434
23:38:38:437	281	542	426
23:38:38:488	291	538	430
23:38:38:538	285	543	425
23:38:38:603	273	552	420
23:38:38:653	287	544	424
23:38:38:704	292	539	419
23:38:38:71	284	548	421
23:38:39:137	285	545	416
23:38:39:187	289	545	413
23:38:39:237	292	543	416
23:38:39:288	295	543	421
23:38:39:354	288	543	421
23:38:39:37	285	540	430
23:38:39:405	283	542	419
23:38:39:470	285	540	418
23:38:39:521	288	543	416
23:38:39:588	289	544	423
23:38:39:653	283	543	423
23:38:39:703	281	538	428
23:38:39:754	276	540	427
23:38:39:804	275	541	425
23:38:39:854	287	539	427
23:38:39:87	287	542	424
23:38:39:921	287	539	422
23:38:39:971	288	541	424
23:38:4:136	274	541	444
23:38:4:186	270	543	442
23:38:4:236	272	545	442
23:38:4:287	275	543	445
23:38:4:36	278	544	447
23:38:4:502	274	543	443
23:38:4:552	268	536	450
23:38:4:602	254	527	467
23:38:4:652	280	539	447
23:38:4:702	288	554	434
23:38:4:752	289	563	437
23:38:4:802	295	564	419
23:38:4:852	290	562	424
23:38:4:86	280	543	446
23:38:4:902	277	565	417
23:38:4:952	276	566	426
23:38:40:203	284	541	424
23:38:40:254	279	541	425
23:38:40:305	281	540	424
23:38:40:372	286	539	424
23:38:40:437	289	542	419
23:38:40:488	288	543	419
23:38:40:554	280	542	422
23:38:40:704	299	532	432
23:38:41:137	290	548	410
23:38:41:187	294	548	418
23:38:41:237	296	546	419
23:38:41:287	289	546	414
23:38:41:338	284	548	412
23:38:41:403	288	551	411
23:38:41:503	299	550	409
23:38:41:553	299	549	408
23:38:41:603	294	548	406
23:38:41:654	294	551	405
23:38:41:704	297	553	404
23:38:41:71	286	545	409
23:38:41:755	301	553	408
23:38:41:887	300	548	410
23:38:41:937	294	553	403
23:38:41:987	294	553	404
23:38:42:138	302	552	398
23:38:42:205	305	552	394
23:38:42:255	309	553	395
23:38:42:37	299	555	404
23:38:42:387	304	553	402
23:38:42:437	300	552	400
23:38:42:487	299	555	399
23:38:42:537	302	559	396
23:38:42:638	323	551	399
23:38:42:688	322	550	401
23:38:42:753	295	559	396
23:38:42:803	289	561	395
23:38:42:854	304	556	400
23:38:42:88	303	554	400
23:38:42:920	303	560	392
23:38:42:970	309	557	392
23:38:43:154	302	552	401
23:38:43:204	301	553	400
23:38:43:22	315	554	399
23:38:43:254	302	557	398
23:38:43:304	309	556	401
23:38:43:354	306	555	401
23:38:43:404	301	556	403
23:38:43:454	297	556	400
23:38:43:504	289	558	394
23:38:43:554	291	559	401
23:38:43:605	296	556	410
23:38:43:671	307	549	416
23:38:43:721	303	540	415
23:38:43:771	302	534	420
23:38:43:821	297	543	424
23:38:43:887	285	553	420
23:38:43:937	271	562	410
23:38:43:987	275	564	402
23:38:44:271	280	544	416
23:38:44:337	283	548	424
23:38:44:38	294	556	401
23:38:44:387	289	549	433
23:38:44:437	289	544	435
23:38:44:488	278	541	426
23:38:44:538	273	540	417
23:38:44:588	278	542	414
23:38:44:638	289	543	425
23:38:44:688	294	539	432
23:38:44:754	285	539	434
23:38:44:804	269	546	422
23:38:44:854	272	546	418
23:38:44:88	307	547	409
23:38:44:904	291	544	419
23:38:44:954	296	533	424
23:38:45:287	289	547	408
23:38:45:337	301	545	409
23:38:45:387	310	543	421
23:38:45:4	288	534	434
23:38:45:437	297	544	420
23:38:45:487	282	545	424
23:38:45:537	271	545	422
23:38:45:55	287	538	444
23:38:45:587	275	541	425
23:38:45:637	285	542	427
23:38:45:787	295	546	411
23:38:46:104	288	540	425
23:38:46:154	284	545	425
23:38:46:204	288	546	424
23:38:46:254	287	548	418
23:38:46:304	289	549	410
23:38:46:354	291	547	416
23:38:46:4	288	545	419
23:38:46:404	288	546	419
23:38:46:455	287	542	430
23:38:46:521	280	537	434
23:38:46:54	291	544	422
23:38:46:587	272	540	433
23:38:46:637	272	538	433
23:38:46:687	280	535	436
23:38:46:737	281	536	436
23:38:46:787	283	540	439
23:38:46:837	281	538	444
23:38:46:887	270	538	442
23:38:46:937	262	537	441
23:38:46:987	268	537	440
23:38:47:137	281	534	455
23:38:47:187	265	533	452
23:38:47:237	263	533	456
23:38:47:288	267	533	457
23:38:47:338	266	534	454
23:38:47:37	275	537	443
23:38:47:388	268	535	454
23:38:47:438	267	535	453
23:38:47:488	265	536	453
23:38:47:538	267	536	456
23:38:47:588	269	535	457
23:38:47:638	270	533	456
23:38:47:688	269	534	455
23:38:47:754	269	534	453
23:38:47:804	269	535	451
23:38:47:854	268	535	452
23:38:47:87	282	536	449
23:38:47:904	270	535	454
23:38:47:954	268	534	452
23:38:48:337	271	534	453
23:38:48:387	269	534	454
23:38:48:4	270	533	452
23:38:48:437	268	533	453
23:38:48:487	270	533	453
23:38:48:537	270	533	452
23:38:48:55	270	535	452
23:38:48:587	269	534	452
23:38:48:637	271	532	453
23:38:48:688	269	532	452
23:38:48:738	268	534	452
23:38:48:854	270	533	454
23:38:48:904	269	533	454
23:38:48:954	268	532	453
23:38:49:122	269	533	453
23:38:49:254	270	533	453
23:38:49:304	271	534	453
23:38:49:354	269	533	453
23:38:49:404	272	532	453
23:38:49:454	267	531	451
23:38:49:5	271	533	452
23:38:49:504	270	535	451
23:38:49:554	273	534	454
23:38:49:604	271	532	453
23:38:49:654	267	533	453
23:38:49:704	267	532	454
23:38:49:71	270	534	452
23:38:49:754	271	535	450
23:38:49:854	271	530	451
23:38:5:187	284	559	431
23:38:5:253	281	561	435
23:38:5:3	279	562	442
23:38:5:304	280	561	437
23:38:5:519	277	562	436
23:38:5:569	280	559	436
23:38:5:619	278	558	441
23:38:5:669	275	557	438
23:38:5:719	282	555	441
23:38:5:769	286	554	440
23:38:5:819	288	556	432
23:38:5:869	282	564	428
23:38:5:919	268	573	425
23:38:5:969	281	567	452
23:38:50:171	266	542	459
23:38:50:221	266	534	454
23:38:50:271	273	527	449
23:38:50:321	276	530	438
23:38:50:371	279	533	436
23:38:50:421	280	535	439
23:38:50:471	275	539	438
23:38:50:521	270	537	442
23:38:50:571	273	534	443
23:38:50:621	274	533	442
23:38:50:671	278	534	444
23:38:50:721	277	534	438
23:38:50:821	279	535	435
23:38:50:871	278	536	434
23:38:51:187	276	536	445
23:38:51:237	274	535	446
23:38:51:288	272	532	450
23:38:51:354	267	529	450
23:38:51:404	272	529	448
23:38:51:454	271	528	452
23:38:51:505	268	532	450
23:38:51:555	267	532	456
23:38:51:605	268	531	457
23:38:51:655	271	528	459
23:38:51:705	266	526	459
23:38:51:821	267	530	457
23:38:51:871	268	532	457
23:38:51:921	272	531	457
23:38:51:971	268	529	459
23:38:52:122	268	530	457
23:38:52:21	260	529	459
23:38:52:404	261	531	445
23:38:52:454	272	532	447
23:38:52:504	275	529	444
23:38:52:554	272	528	440
23:38:52:604	272	532	440
23:38:52:654	276	539	444
23:38:52:704	281	538	436
23:38:52:71	264	528	460
23:38:52:754	277	531	426
23:38:52:804	279	531	417
23:38:52:854	294	535	423
23:38:52:955	292	544	419
23:38:53:138	291	544	411
23:38:53:188	283	550	411
23:38:53:238	288	553	412
23:38:53:288	302	549	412
23:38:53:338	298	546	402
23:38:53:388	295	544	403
23:38:53:438	295	546	404
23:38:53:488	302	545	409
23:38:53:538	301	546	411
23:38:53:588	294	546	407
23:38:53:638	292	547	405
23:38:53:72	291	542	409
23:38:53:804	302	543	407
23:38:53:854	295	544	408
23:38:53:904	286	547	407
23:38:53:954	292	548	411
23:38:54:104	284	546	411
23:38:54:154	276	545	416
23:38:54:204	282	540	414
23:38:54:254	284	534	422
23:38:54:305	289	532	427
23:38:54:355	283	536	433
23:38:54:4	299	547	415
23:38:54:405	287	539	435
23:38:54:455	282	539	435
23:38:54:505	277	536	435
23:38:54:54	293	545	417
23:38:54:788	268	529	435
23:38:54:838	270	528	440
23:38:54:888	276	528	449
23:38:54:938	276	525	451
23:38:55:104	275	525	440
23:38:55:154	275	526	434
23:38:55:204	274	529	430
23:38:55:254	283	534	433
23:38:55:304	284	535	436
23:38:55:354	278	536	434
23:38:55:404	276	533	432
23:38:55:454	266	531	428
23:38:55:504	274	535	426
23:38:55:54	267	524	443
23:38:55:554	285	535	429
23:38:55:604	287	535	432
23:38:55:654	285	539	428
23:38:55:704	277	540	420
23:38:55:755	280	530	420
23:38:55:805	286	530	419
23:38:55:856	295	540	419
23:38:55:921	299	543	431
23:38:55:972	292	542	430
23:38:56:138	286	544	405
23:38:56:189	304	551	399
23:38:56:38	284	541	416
23:38:56:421	286	547	414
23:38:56:471	284	548	410
23:38:56:521	289	552	406
23:38:56:571	296	555	408
23:38:56:637	297	556	407
23:38:56:687	300	551	407
23:38:56:738	300	545	412
23:38:56:870	290	545	413
23:38:56:88	272	541	403
23:38:56:920	287	545	411
23:38:57:639	282	539	410
23:38:57:689	289	544	404
23:38:57:71	288	541	422
23:38:57:754	302	547	406
23:38:57:804	301	549	413
23:38:57:855	295	548	419
23:38:57:921	283	544	419
23:38:57:971	274	543	420
23:38:58:121	299	545	415
23:38:58:171	299	545	410
23:38:58:21	281	544	420
23:38:58:221	291	546	407
23:38:58:271	290	547	410
23:38:58:321	289	548	413
23:38:58:372	290	545	418
23:38:58:71	291	544	418
23:38:58:756	285	540	407
23:38:58:821	273	551	411
23:38:58:871	283	548	426
23:38:58:921	293	540	431
23:38:58:971	293	537	424
23:38:59:121	271	545	416
23:38:59:171	284	540	420
23:38:59:21	290	532	416
23:38:59:221	303	527	432
23:38:59:271	300	524	427
23:38:59:322	278	526	423
23:38:59:387	263	533	421
23:38:59:438	261	535	424
23:38:59:488	279	527	437
23:38:59:538	290	513	441
23:38:59:71	288	533	414
23:38:59:722	262	528	430
23:38:59:787	237	499	472
23:38:59:837	270	475	468
23:38:59:887	297	462	483
23:38:59:938	303	465	504
23:38:59:988	283	472	493
23:38:6:119	263	557	433
23:38:6:169	273	563	439
23:38:6:19	289	556	448
23:38:6:219	288	548	447
23:38:6:269	288	554	444
23:38:6:319	269	565	439
23:38:6:369	266	564	440
23:38:6:419	274	555	447
23:38:6:469	275	550	448
23:38:6:520	277	553	445
23:38:6:570	273	551	445
23:38:6:620	270	553	447
23:38:6:686	273	554	444
23:38:6:69	283	547	447
23:38:6:737	284	551	445
23:38:6:803	276	553	443
23:38:6:919	277	549	444
23:38:6:969	277	550	444
23:38:7:119	275	555	442
23:38:7:169	273	552	441
23:38:7:19	277	552	443
23:38:7:219	273	551	442
23:38:7:269	277	552	443
23:38:7:320	278	551	443
23:38:7:386	276	552	442
23:38:7:436	278	552	439
23:38:7:486	276	552	439
23:38:7:536	279	551	440
23:38:7:586	278	551	441
23:38:7:636	276	550	442
23:38:7:69	278	554	444
23:38:7:702	277	550	442
23:38:7:752	274	550	440
23:38:7:802	277	551	440
23:38:7:852	279	552	440
23:38:7:903	279	551	440
23:38:7:953	279	549	440
23:38:8:103	279	551	440
23:38:8:153	278	550	439
23:38:8:203	276	551	439
23:38:8:254	277	550	438
23:38:8:3	274	550	438
23:38:8:469	275	550	437
23:38:8:53	276	550	439
23:38:8:619	277	548	439
23:38:8:669	277	548	438
23:38:8:719	277	548	436
23:38:8:769	278	549	437
23:38:8:819	281	549	436
23:38:8:869	279	550	437
23:38:8:919	279	549	436
23:38:8:969	277	549	437
23:38:9:120	277	550	435
23:38:9:19	278	549	438
23:38:9:586	278	546	434
23:38:9:636	279	546	434
23:38:9:69	278	550	435
23:38:9:736	277	543	436
23:38:9:786	277	545	433
23:38:9:837	279	546	435
23:38:9:903	279	541	436
23:39:0:138	245	477	481
23:39:0:188	265	471	483
23:39:0:238	277	469	480
23:39:0:288	269	469	483
23:39:0:338	256	473	480
23:39:0:38	262	471	488
23:39:0:388	259	479	483
23:39:0:438	272	477	484
23:39:0:489	272	468	482
23:39:0:554	255	469	481
23:39:0:605	258	473	474
23:39:0:871	266	472	481
23:39:0:88	236	472	484
23:39:0:971	257	478	472
23:39:1:21	277	479	477
23:39:1:805	261	469	492
23:39:1:855	271	471	492
23:39:1:921	263	473	489
23:39:1:971	256	477	484
23:39:10:172	280	525	435
23:39:10:222	281	525	436
23:39:10:272	277	524	437
23:39:10:339	271	525	435
23:39:10:405	278	526	436
23:39:10:455	282	524	436
23:39:10:505	283	522	434
23:39:10:555	271	524	433
23:39:10:606	269	527	434
23:39:10:671	277	528	439
23:39:10:721	279	525	441
23:39:10:771	275	524	437
23:39:10:821	273	524	433
23:39:10:871	277	524	433
23:39:10:921	280	526	431
23:39:10:971	279	527	436
23:39:11:121	271	527	432
23:39:11:173	273	527	432
23:39:11:21	277	527	440
23:39:11:223	274	530	435
23:39:11:289	285	527	439
23:39:11:339	279	525	434
23:39:11:389	275	526	432
23:39:11:456	271	530	437
23:39:11:522	276	528	441
23:39:11:589	278	527	439
23:39:11:71	273	526	438
23:39:12:155	283	511	421
23:39:12:305	282	545	432
23:39:12:355	269	543	442
23:39:12:471	272	524	448
23:39:13:238	265	527	441
23:39:13:288	265	529	445
23:39:13:338	277	526	456
23:39:13:438	273	517	457
23:39:14:155	261	515	460
23:39:14:205	269	512	467
23:39:14:255	269	514	471
23:39:14:305	264	514	475
23:39:14:405	263	508	478
23:39:14:455	260	503	483
23:39:14:723	275	502	503
23:39:14:788	254	496	505
23:39:14:838	235	495	495
23:39:14:888	244	497	489
23:39:14:938	268	500	496
23:39:14:988	278	502	502
23:39:15:138	244	496	506
23:39:15:188	255	496	510
23:39:15:238	263	496	510
23:39:15:288	264	498	507
23:39:15:338	255	497	502
23:39:15:38	264	500	505
23:39:15:389	252	496	499
23:39:15:439	261	498	500
23:39:15:489	262	498	501
23:39:15:539	261	499	502
23:39:15:589	259	498	502
23:39:15:639	254	497	502
23:39:15:690	256	499	501
23:39:15:755	259	497	501
23:39:15:805	260	499	500
23:39:15:856	260	498	499
23:39:15:88	246	497	505
23:39:16:372	257	497	500
23:39:16:438	259	497	499
23:39:16:489	258	497	500
23:39:16:555	260	497	501
23:39:16:605	258	497	501
23:39:16:655	257	497	501
23:39:16:705	261	496	501
23:39:16:755	257	497	499
23:39:16:805	258	496	499
23:39:16:855	261	497	500
23:39:16:906	259	497	501
23:39:16:972	257	496	502
23:39:17:122	261	497	501
23:39:17:172	261	496	499
23:39:17:22	257	497	501
23:39:17:222	256	497	498
23:39:17:272	258	498	500
23:39:17:322	260	497	502
23:39:17:372	258	497	501
23:39:17:422	258	497	501
23:39:17:472	259	497	500
23:39:17:523	257	496	499
23:39:17:588	260	498	500
23:39:17:638	260	498	501
23:39:17:688	258	496	502
23:39:17:72	257	497	501
23:39:17:738	255	496	501
23:39:17:788	258	499	494
23:39:17:838	261	497	498
23:39:17:888	259	498	500
23:39:17:938	263	497	502
23:39:17:988	260	496	498
23:39:18:171	260	498	498
23:39:18:222	260	499	501
23:39:18:272	260	495	505
23:39:18:322	255	496	501
23:39:18:372	252	496	503
23:39:18:39	256	497	494
23:39:18:422	256	499	503
23:39:18:472	262	498	506
23:39:18:522	264	495	507
23:39:18:788	274	500	505
23:39:18:838	264	492	497
23:39:18:888	249	494	493
23:39:18:938	245	498	488
23:39:18:989	259	505	495
23:39:19:105	273	506	486
23:39:19:155	255	509	478
23:39:19:205	231	506	489
23:39:19:255	267	501	501
23:39:19:306	270	500	472
23:39:19:371	254	501	483
23:39:19:421	244	495	503
23:39:19:471	276	510	500
23:39:19:521	276	513	479
23:39:19:55	281	504	493
23:39:19:571	247	519	483
23:39:19:622	233	516	468
23:39:19:672	252	514	465
23:39:19:722	269	512	475
23:39:19:772	286	514	487
23:39:19:822	276	508	491
23:39:19:872	272	500	491
23:39:19:922	243	501	462
23:39:19:972	229	504	461
23:39:2:121	267	477	491
23:39:2:171	269	473	491
23:39:2:21	255	478	486
23:39:2:221	256	477	485
23:39:2:271	240	479	469
23:39:2:321	265	478	485
23:39:2:371	278	475	492
23:39:2:421	287	469	494
23:39:2:471	265	463	493
23:39:2:521	253	463	486
23:39:2:571	259	472	484
23:39:2:621	264	481	475
23:39:2:671	270	482	478
23:39:2:71	263	479	488
23:39:2:721	263	480	480
23:39:2:772	257	476	488
23:39:2:822	258	473	492
23:39:2:872	262	474	493
23:39:2:922	264	476	492
23:39:2:989	265	476	493
23:39:20:122	268	501	482
23:39:20:172	257	515	462
23:39:20:22	227	504	435
23:39:20:223	308	543	473
23:39:20:338	367	554	489
23:39:20:388	281	542	455
23:39:20:488	174	537	417
23:39:20:538	199	535	419
23:39:20:588	286	530	457
23:39:20:638	327	535	463
23:39:20:688	303	531	449
23:39:20:72	240	493	462
23:39:20:739	268	530	439
23:39:21:172	275	524	446
23:39:21:222	253	526	443
23:39:21:272	268	519	454
23:39:21:322	272	515	460
23:39:21:372	274	519	462
23:39:21:422	262	521	446
23:39:21:472	270	523	449
23:39:21:522	259	525	442
23:39:21:622	286	523	459
23:39:22:138	272	519	459
23:39:22:188	284	520	467
23:39:22:238	277	516	470
23:39:22:288	259	514	467
23:39:22:338	241	514	456
23:39:22:38	259	521	451
23:39:22:388	254	516	454
23:39:22:439	273	517	454
23:39:22:489	288	517	463
23:39:22:539	275	515	463
23:39:22:589	256	515	462
23:39:22:639	251	517	455
23:39:22:855	261	517	460
23:39:22:88	254	521	440
23:39:22:905	258	516	459
23:39:22:955	261	516	459
23:39:23:105	269	519	456
23:39:23:155	270	516	457
23:39:23:205	265	519	457
23:39:23:255	264	516	469
23:39:23:305	262	510	475
23:39:23:355	257	513	480
23:39:23:406	265	512	481
23:39:23:473	259	516	467
23:39:23:5	273	514	466
23:39:23:55	268	518	463
23:39:23:588	245	518	438
23:39:23:638	267	526	442
23:39:23:688	283	529	450
23:39:23:738	287	525	458
23:39:23:788	263	521	461
23:39:23:840	248	518	458
23:39:23:890	258	520	463
23:39:24:172	274	525	451
23:39:24:222	278	520	451
23:39:24:273	271	521	455
23:39:24:339	267	520	456
23:39:24:389	265	519	455
23:39:24:439	262	518	453
23:39:24:555	261	522	451
23:39:24:605	273	521	457
23:39:24:656	271	521	452
23:39:24:723	270	518	455
23:39:24:788	262	520	459
23:39:24:838	259	520	457
23:39:24:888	278	521	460
23:39:24:938	267	521	452
23:39:24:988	260	522	452
23:39:25:138	270	518	456
23:39:25:188	263	523	451
23:39:25:240	261	523	449
23:39:25:306	273	525	453
23:39:25:357	276	522	448
23:39:25:38	271	521	457
23:39:25:489	266	523	454
23:39:25:539	267	521	457
23:39:25:589	273	519	460
23:39:25:639	261	522	451
23:39:25:689	268	523	446
23:39:25:739	275	523	447
23:39:25:88	270	518	456
23:39:25:906	259	520	450
23:39:25:972	266	519	453
23:39:26:122	264	522	449
23:39:26:172	270	520	454
23:39:26:22	271	520	454
23:39:26:222	264	519	450
23:39:26:272	273	519	454
23:39:26:322	269	521	451
23:39:26:373	266	523	453
23:39:26:538	269	520	458
23:39:26:588	265	521	450
23:39:26:639	265	524	450
23:39:26:689	261	526	447
23:39:26:72	276	522	456
23:39:26:739	286	518	461
23:39:26:789	274	514	459
23:39:26:839	250	519	454
23:39:26:889	256	527	456
23:39:26:939	278	527	459
23:39:26:989	279	525	456
23:39:27:139	268	525	451
23:39:27:189	275	524	459
23:39:27:239	275	523	468
23:39:27:289	264	522	463
23:39:27:340	260	521	463
23:39:27:39	263	521	449
23:39:27:522	261	518	463
23:39:27:573	275	520	475
23:39:27:638	265	520	478
23:39:27:688	258	519	484
23:39:27:738	252	518	477
23:39:27:788	257	515	475
23:39:27:838	264	517	473
23:39:27:888	270	518	476
23:39:27:89	260	522	446
23:39:27:938	263	518	480
23:39:27:989	256	519	483
23:39:28:106	258	517	488
23:39:28:156	259	516	487
23:39:28:206	257	516	481
23:39:28:256	262	516	483
23:39:28:306	259	521	479
23:39:28:357	264	519	484
23:39:28:522	259	518	483
23:39:28:56	256	519	487
23:39:28:572	262	518	483
23:39:28:672	259	517	481
23:39:28:723	263	516	483
23:39:28:839	257	517	479
23:39:29:105	255	516	480
23:39:29:155	264	517	482
23:39:29:206	258	519	479
23:39:29:272	263	519	483
23:39:29:322	261	517	482
23:39:29:372	260	514	482
23:39:29:639	259	515	482
23:39:29:689	260	516	482
23:39:29:739	263	516	480
23:39:29:789	261	516	478
23:39:29:839	264	515	478
23:39:29:889	262	516	478
23:39:29:939	267	515	480
23:39:29:989	269	514	482
23:39:3:105	257	480	489
23:39:3:155	261	480	490
23:39:3:538	263	479	504
23:39:3:588	255	478	501
23:39:3:638	251	476	497
23:39:3:688	262	479	491
23:39:3:738	267	482	490
23:39:3:789	255	487	489
23:39:3:854	257	489	489
23:39:3:904	267	484	489
23:39:3:955	267	485	483
23:39:30:139	252	519	485
23:39:30:189	253	515	489
23:39:30:239	264	512	496
23:39:30:289	262	516	492
23:39:30:339	258	515	477
23:39:30:389	258	508	477
23:39:30:39	256	519	483
23:39:30:439	252	513	468
23:39:30:489	276	519	477
23:39:30:655	248	518	483
23:39:30:705	272	502	492
23:39:30:755	260	506	480
23:39:30:805	253	520	476
23:39:30:856	250	524	483
23:39:30:89	256	521	480
23:39:30:906	269	519	484
23:39:30:956	274	504	483
23:39:31:106	262	517	474
23:39:31:156	270	514	480
23:39:31:206	268	512	485
23:39:31:256	249	512	476
23:39:31:306	259	513	481
23:39:31:356	261	516	476
23:39:31:406	271	513	482
23:39:31:56	251	517	470
23:39:31:6	256	509	476
23:39:31:622	265	514	480
23:39:31:672	261	515	477
23:39:31:772	263	513	475
23:39:31:823	258	510	477
23:39:31:939	261	512	477
23:39:32:122	263	512	479
23:39:32:172	266	512	482
23:39:32:222	263	511	477
23:39:32:274	264	509	482
23:39:32:5	253	513	474
23:39:32:506	251	516	472
23:39:32:556	259	513	487
23:39:32:56	265	514	476
23:39:32:606	264	514	491
23:39:32:656	265	516	485
23:39:32:706	262	514	477
23:39:32:756	249	515	472
23:39:32:822	260	516	482
23:39:32:872	272	517	488
23:39:32:922	265	517	490
23:39:32:972	259	514	493
23:39:33:122	264	517	493
23:39:33:172	268	516	493
23:39:33:22	246	514	486
23:39:33:222	261	517	492
23:39:33:272	245	520	488
23:39:33:322	254	519	497
23:39:33:373	264	518	496
23:39:33:439	264	514	500
23:39:33:489	254	516	500
23:39:33:539	254	520	499
23:39:33:72	254	515	492
23:39:33:756	253	518	496
23:39:33:806	262	519	502
23:39:33:856	264	516	506
23:39:33:906	257	515	502
23:39:33:956	253	516	498
23:39:34:106	257	518	496
23:39:34:156	258	517	499
23:39:34:206	258	517	499
23:39:34:256	264	515	502
23:39:34:307	256	516	496
23:39:34:56	261	517	497
23:39:34:6	257	517	496
23:39:34:772	259	517	498
23:39:34:872	259	511	505
23:39:34:922	256	512	498
23:39:34:972	257	515	492
23:39:35:123	261	515	497
23:39:35:22	259	518	490
23:39:35:73	259	517	493
23:39:35:806	257	514	494
23:39:35:856	260	515	493
23:39:35:906	261	515	491
23:39:35:972	263	513	494
23:39:36:122	262	517	496
23:39:36:172	257	517	490
23:39:36:22	253	514	495
23:39:36:223	264	517	489
23:39:36:273	258	518	480
23:39:36:338	264	514	490
23:39:36:390	256	514	491
23:39:36:72	253	515	496
23:39:36:856	234	424	512
23:39:36:906	301	477	466
23:39:36:956	367	541	406
23:39:37:539	295	489	392
23:39:37:589	296	499	388
23:39:37:639	300	505	388
23:39:37:689	307	505	391
23:39:37:7	398	557	376
23:39:37:739	310	507	393
23:39:37:789	308	506	391
23:39:37:839	307	506	391
23:39:37:890	312	508	385
23:39:37:956	303	515	361
23:39:38:106	283	483	378
23:39:38:156	305	435	425
23:39:38:206	354	420	459
23:39:38:256	387	428	452
23:39:38:306	374	450	420
23:39:38:356	331	462	413
23:39:38:406	292	473	375
23:39:38:456	282	463	377
23:39:38:506	287	449	382
23:39:38:556	300	449	385
23:39:38:56	294	504	365
23:39:38:6	309	519	363
23:39:38:606	300	454	380
23:39:38:656	314	460	367
23:39:38:706	352	451	317
23:39:38:756	253	412	343
23:39:38:806	189	330	495
23:39:38:856	251	397	493
23:39:38:906	388	492	447
23:39:38:956	462	548	470
23:39:39:122	350	588	339
23:39:39:172	306	581	290
23:39:39:222	303	548	334
23:39:39:272	285	532	335
23:39:39:323	297	550	332
23:39:39:373	321	554	369
23:39:39:423	347	551	380
23:39:39:473	355	552	377
23:39:39:523	335	557	363
23:39:39:573	329	556	358
23:39:39:6	464	565	401
23:39:39:623	333	553	357
23:39:39:674	336	556	360
23:39:39:72	400	564	358
23:39:39:739	346	549	362
23:39:39:789	345	548	369
23:39:39:839	344	544	365
23:39:39:889	337	543	366
23:39:39:939	337	539	364
23:39:39:989	338	537	363
23:39:4:121	260	480	477
23:39:4:172	265	479	473
23:39:4:222	267	486	472
23:39:4:505	269	496	456
23:39:4:555	274	500	452
23:39:4:605	275	502	445
23:39:4:655	275	501	444
23:39:4:705	275	507	446
23:39:4:71	255	492	469
23:39:4:756	266	510	443
23:39:4:821	258	510	444
23:39:4:872	265	508	450
23:39:4:922	270	507	452
23:39:40:139	341	523	369
23:39:40:189	324	536	363
23:39:40:239	322	540	361
23:39:40:290	328	536	365
23:39:40:340	336	532	370
23:39:40:39	338	537	364
23:39:40:406	332	531	371
23:39:40:823	320	519	381
23:39:40:89	340	531	364
23:39:40:973	309	514	387
23:39:41:139	305	508	389
23:39:41:23	304	513	385
23:39:41:556	296	498	405
23:39:41:606	291	509	398
23:39:41:656	289	514	388
23:39:41:706	282	523	390
23:39:41:74	306	509	389
23:39:41:756	282	527	402
23:39:41:806	300	526	412
23:39:41:856	294	528	412
23:39:41:906	284	536	395
23:39:41:972	287	538	406
23:39:42:123	301	542	404
23:39:42:173	295	539	406
23:39:42:22	284	538	403
23:39:42:223	300	534	404
23:39:42:273	303	526	408
23:39:42:323	304	525	405
23:39:42:373	307	534	388
23:39:42:423	313	538	387
23:39:42:473	311	543	380
23:39:42:523	307	544	382
23:39:42:573	309	544	380
23:39:42:623	319	541	384
23:39:42:673	320	540	384
23:39:42:72	297	538	408
23:39:42:723	311	541	383
23:39:42:773	312	540	384
23:39:42:823	307	538	389
23:39:42:874	297	533	383
23:39:42:939	297	527	392
23:39:42:989	292	520	394
23:39:43:139	293	500	415
23:39:43:189	291	496	418
23:39:43:239	298	497	415
23:39:43:289	298	506	402
23:39:43:339	304	512	390
23:39:43:389	323	509	393
23:39:43:39	302	518	400
23:39:43:439	323	508	391
23:39:43:489	308	510	388
23:39:43:540	296	513	378
23:39:43:590	300	506	384
23:39:43:640	300	498	393
23:39:43:691	300	495	394
23:39:43:756	303	487	401
23:39:43:806	305	486	402
23:39:43:856	302	481	404
23:39:43:89	294	509	403
23:39:43:906	300	477	412
23:39:43:956	298	476	411
23:39:44:106	290	472	411
23:39:44:156	288	468	419
23:39:44:206	284	465	415
23:39:44:256	294	459	422
23:39:44:306	291	459	422
23:39:44:356	291	456	421
23:39:44:406	287	453	424
23:39:44:456	290	449	425
23:39:44:506	288	447	429
23:39:44:556	292	444	431
23:39:44:56	294	476	410
23:39:44:6	291	476	412
23:39:44:606	290	437	440
23:39:44:657	283	432	445
23:39:44:722	287	429	447
23:39:44:772	294	426	451
23:39:44:822	289	424	447
23:39:44:873	272	424	434
23:39:44:923	274	415	447
23:39:44:974	274	408	451
23:39:45:140	293	394	482
23:39:45:190	308	392	492
23:39:45:240	326	389	500
23:39:45:291	355	388	497
23:39:45:40	280	405	455
23:39:45:90	286	400	464
23:39:45:922	348	372	501
23:39:45:972	375	380	492
23:39:46:139	278	396	463
23:39:46:189	212	399	450
23:39:46:23	392	391	480
23:39:46:239	153	389	461
23:39:46:289	163	355	520
23:39:46:340	254	319	639
23:39:46:391	440	383	601
23:39:46:457	539	430	543
23:39:46:89	340	393	473
23:39:47:173	234	489	418
23:39:47:223	219	513	386
23:39:47:23	233	475	436
23:39:47:273	202	528	388
23:39:47:323	245	476	451
23:39:47:374	257	410	601
23:39:48:140	280	489	441
23:39:48:190	196	471	432
23:39:48:240	222	430	526
23:39:48:291	268	394	555
23:39:49:122	28	517	471
23:39:49:174	122	482	465
23:39:49:240	200	432	516
23:39:49:290	245	430	546
23:39:49:340	260	439	549
23:39:49:390	222	451	561
23:39:49:440	190	450	543
23:39:49:490	185	438	531
23:39:49:540	241	438	542
23:39:49:590	308	434	552
23:39:49:640	373	428	537
23:39:49:690	442	440	506
23:39:49:740	411	431	499
23:39:49:790	296	420	523
23:39:49:856	220	402	533
23:39:49:906	230	398	520
23:39:49:956	253	400	512
23:39:5:105	271	511	443
23:39:5:171	267	512	446
23:39:5:221	269	516	445
23:39:5:271	270	514	441
23:39:5:321	273	514	439
23:39:5:371	279	513	441
23:39:5:421	278	511	439
23:39:5:471	271	513	436
23:39:5:522	268	513	432
23:39:5:572	281	512	438
23:39:5:622	283	514	441
23:39:5:672	278	516	446
23:39:5:722	269	515	449
23:39:5:772	261	519	445
23:39:5:822	274	517	438
23:39:5:872	275	520	426
23:39:5:938	275	524	421
23:39:5:988	282	527	428
23:39:50:106	288	394	539
23:39:50:156	300	405	552
23:39:50:206	355	416	526
23:39:50:256	338	428	502
23:39:50:306	267	437	491
23:39:50:357	229	439	489
23:39:50:407	244	438	495
23:39:50:472	257	434	505
23:39:50:522	255	432	510
23:39:50:56	272	398	534
23:39:50:573	255	436	510
23:39:50:6	261	402	528
23:39:50:623	259	438	503
23:39:50:673	262	444	505
23:39:50:723	264	444	502
23:39:50:773	274	442	497
23:39:50:823	292	432	484
23:39:50:873	377	437	462
23:39:50:923	308	483	509
23:39:50:973	170	478	526
23:39:51:123	277	456	481
23:39:51:173	272	478	446
23:39:51:223	90	518	457
23:39:51:23	208	471	522
23:39:51:273	72	486	531
23:39:51:323	207	477	537
23:39:51:373	278	487	541
23:39:51:423	304	478	532
23:39:51:473	338	467	527
23:39:51:523	356	444	552
23:39:51:589	366	424	566
23:39:51:639	360	400	596
23:39:51:689	364	386	603
23:39:51:73	265	458	504
23:39:51:739	382	379	625
23:39:51:790	401	378	656
23:39:52:173	232	443	657
23:39:52:223	256	450	638
23:39:52:273	248	470	625
23:39:52:323	267	480	603
23:39:52:423	294	491	607
23:39:53:273	211	584	481
23:39:53:373	299	523	483
23:39:53:423	357	530	516
23:39:53:473	354	545	483
23:39:53:523	286	560	437
23:39:53:573	224	567	400
23:39:53:623	230	571	419
23:39:53:673	250	559	439
23:39:53:723	279	554	459
23:39:53:773	298	558	458
23:39:53:823	289	555	444
23:39:53:873	279	557	445
23:39:53:923	268	553	438
23:39:53:973	280	550	446
23:39:54:123	274	553	442
23:39:54:173	279	556	448
23:39:54:223	280	558	445
23:39:54:23	280	553	440
23:39:54:273	276	557	453
23:39:54:324	267	554	446
23:39:54:389	264	552	453
23:39:54:439	268	553	451
23:39:54:489	276	554	451
23:39:54:539	276	552	455
23:39:54:589	278	553	454
23:39:54:640	270	553	445
23:39:54:73	276	558	440
23:39:54:824	268	555	450
23:39:54:890	275	556	456
23:39:54:941	271	554	457
23:39:55:273	274	554	452
23:39:55:323	271	555	450
23:39:55:373	270	554	453
23:39:55:424	270	556	454
23:39:55:474	271	558	449
23:39:55:540	276	552	456
23:39:55:590	263	553	450
23:39:55:640	274	554	452
23:39:55:690	281	554	455
23:39:55:740	272	559	445
23:39:55:790	277	550	448
23:39:55:840	272	546	457
23:39:55:906	267	551	453
23:39:55:956	276	553	453
23:39:56:107	269	557	451
23:39:56:157	269	555	450
23:39:56:207	280	551	457
23:39:56:257	271	553	453
23:39:56:307	271	550	457
23:39:56:357	267	551	453
23:39:56:407	270	552	448
23:39:56:457	273	552	447
23:39:56:507	290	548	468
23:39:56:558	276	547	468
23:39:56:57	267	558	445
23:39:56:6	278	558	454
23:39:56:623	255	543	463
23:39:56:673	248	550	451
23:39:56:724	274	555	444
23:39:56:774	290	557	447
23:39:56:907	251	546	460
23:39:56:973	268	548	460
23:39:57:123	269	552	452
23:39:57:173	267	549	458
23:39:57:225	264	551	454
23:39:57:23	277	555	451
23:39:57:339	268	554	454
23:39:57:389	275	554	455
23:39:57:439	265	551	453
23:39:57:489	273	548	461
23:39:57:539	269	552	452
23:39:57:590	274	552	456
23:39:57:640	275	554	454
23:39:57:690	267	554	450
23:39:57:73	282	557	457
23:39:57:740	276	551	459
23:39:57:790	270	552	452
23:39:57:840	268	551	457
23:39:57:890	268	548	461
23:39:57:940	270	551	462
23:39:57:990	268	551	459
23:39:58:141	269	548	456
23:39:58:273	276	548	463
23:39:58:323	267	549	453
23:39:58:373	272	548	461
23:39:58:40	276	556	460
23:39:58:423	258	555	450
23:39:58:474	271	553	460
23:39:58:540	278	552	460
23:39:58:590	277	551	454
23:39:58:641	272	554	451
23:39:58:706	265	558	448
23:39:58:756	272	555	449
23:39:58:806	278	549	457
23:39:58:856	269	552	454
23:39:58:90	269	551	455
23:39:58:906	273	554	453
23:39:58:956	272	554	450
23:39:59:107	276	553	451
23:39:59:157	270	552	447
23:39:59:207	283	549	458
23:39:59:257	261	551	445
23:39:59:307	272	551	454
23:39:59:357	272	553	451
23:39:59:408	275	550	454
23:39:59:473	272	550	454
23:39:59:523	270	551	449
23:39:59:57	266	552	445
23:39:59:573	277	550	454
23:39:59:624	267	553	448
23:39:59:7	279	552	456
23:39:6:138	268	514	442
23:39:6:188	270	516	439
23:39:6:238	275	522	437
23:39:6:288	279	524	433
23:39:6:338	282	520	433
23:39:6:38	283	524	437
23:39:6:388	274	519	432
23:39:6:438	273	519	434
23:39:6:488	277	518	438
23:39:6:539	275	517	437
23:39:6:604	274	518	439
23:39:6:654	275	518	440
23:39:6:704	275	519	437
23:39:6:755	272	519	436
23:39:6:88	275	516	443
23:39:7:138	277	518	440
23:39:7:188	268	519	439
23:39:7:238	268	520	437
23:39:7:405	278	520	434
23:39:7:455	273	520	435
23:39:7:505	273	520	435
23:39:7:555	276	518	436
23:39:7:605	279	517	438
23:39:7:656	276	517	438
23:39:7:721	273	517	437
23:39:7:73	276	525	437
23:39:7:771	271	519	436
23:39:7:822	276	520	438
23:39:8:104	275	519	436
23:39:8:154	275	518	439
23:39:8:204	275	518	440
23:39:8:254	273	516	441
23:39:8:4	274	517	438
23:39:8:54	275	518	437
23:39:9:205	274	520	433
23:39:9:255	276	526	427
23:39:9:305	277	528	437
23:39:9:355	279	524	448
23:39:9:55	275	520	447
23:40:0:306	275	553	452
