0:0:17:134, 462, 450, 704

0:0:17:191, 495, 439, 681

0:0:17:241, 450, 444, 672

0:0:17:292, 434, 442, 833

0:0:17:342, 494, 459, 720

0:0:17:392, 449, 454, 737

0:0:17:443, 456, 474, 690

0:0:17:508, 442, 480, 647

0:0:17:558, 438, 466, 678

0:0:17:608, 387, 463, 683

0:0:17:658, 372, 465, 678

0:0:17:708, 354, 466, 657

0:0:17:758, 353, 471, 648

0:0:17:809, 314, 447, 705

0:0:17:991, 354, 474, 682

0:0:18:42, 353, 474, 670

0:0:18:108, 350, 474, 668

0:0:18:158, 347, 475, 669

0:0:18:208, 345, 476, 666

0:0:18:258, 348, 474, 666

0:0:18:308, 347, 475, 664

0:0:18:358, 342, 475, 663

0:0:18:408, 343, 475, 662

0:0:18:458, 343, 473, 660

0:0:18:508, 339, 475, 662

0:0:18:574, 346, 478, 669

0:0:18:624, 343, 474, 662

0:0:18:674, 340, 473, 662

0:0:18:726, 343, 479, 663

0:0:18:858, 346, 474, 664

0:0:18:908, 344, 477, 664

0:0:18:959, 347, 474, 658

0:0:19:25, 337, 467, 659

0:0:19:75, 342, 472, 660

0:0:19:125, 344, 474, 665

0:0:19:175, 348, 473, 669

0:0:19:225, 344, 478, 665

0:0:19:275, 346, 474, 665

0:0:19:325, 343, 474, 662

0:0:19:375, 349, 474, 664

0:0:19:425, 343, 472, 660

0:0:19:476, 338, 471, 657

0:0:19:541, 342, 474, 665

0:0:19:591, 339, 478, 667

0:0:19:642, 351, 488, 662

0:0:19:958, null
0:0:20:58, 342, 473, 655

0:0:20:108, 335, 475, 661

0:0:20:158, 335, 474, 671

0:0:20:208, 342, 476, 661

0:0:20:258, 351, 475, 654

0:0:20:308, 323, 468, 657

0:0:20:358, 329, 479, 647

0:0:20:408, 343, 472, 676

0:0:20:458, 330, 477, 664

0:0:20:508, 342, 472, 662

0:0:20:558, 303, 466, 642

0:0:20:608, 290, 465, 601

0:0:20:658, 299, 471, 568

0:0:20:708, 260, 500, 512

0:0:20:758, 260, 513, 467

0:0:20:808, 290, 496, 480

0:0:20:858, 206, 521, 469

0:0:20:908, 260, 496, 530

0:0:20:958, 251, 477, 537

0:0:21:8, 224, 492, 493

0:0:21:58, 145, 498, 566

0:0:21:108, 205, 501, 601

0:0:21:158, 293, 492, 644

0:0:21:208, 360, 498, 644

0:0:21:258, 405, 488, 560

0:0:21:308, 402, 462, 585

0:0:21:358, 395, 475, 577

0:0:21:408, 278, 515, 544

0:0:21:458, 238, 555, 495

0:0:21:509, 200, 581, 482

0:0:21:575, 182, 508, 489

0:0:21:625, 264, 596, 523

0:0:21:675, 352, 557, 520

0:0:21:725, 224, 477, 513

0:0:21:776, 263, 386, 528

0:0:21:908, 285, 590, 527

0:0:21:958, 280, 501, 455

0:0:22:8, 262, 514, 483

0:0:22:58, 260, 541, 482

0:0:22:108, 271, 509, 485

0:0:22:208, 257, 544, 452

0:0:22:325, 261, 533, 456

0:0:22:375, 259, 516, 469

0:0:22:425, 263, 526, 441

0:0:22:475, 271, 522, 453

0:0:22:526, 271, 512, 458

0:0:22:591, 258, 515, 441

0:0:22:641, 194, 534, 453

0:0:22:691, 37, 537, 487

0:0:22:741, 20, 498, 575

0:0:22:791, 174, 463, 597

0:0:22:841, 280, 457, 565

0:0:22:891, 475, 472, 530

0:0:22:942, 583, 438, 520

0:0:22:992, 610, 449, 489

0:0:23:42, 529, 460, 500

0:0:23:92, 367, 518, 462

0:0:23:142, 284, 490, 551

0:0:23:192, 292, 487, 560

0:0:23:242, 196, 461, 600

0:0:23:292, 237, 486, 572

0:0:23:342, 1, 353, 620

0:0:23:393, 283, 439, 525

0:0:23:458, 375, 558, 439

0:0:23:508, 190, 493, 532

0:0:23:558, 256, 474, 552

0:0:23:608, 256, 503, 514

0:0:23:658, 254, 485, 513

0:0:23:708, 266, 484, 521

0:0:23:758, 254, 482, 520

0:0:23:808, 264, 483, 513

0:0:23:858, 268, 477, 511

0:0:23:908, 260, 489, 509

0:0:23:958, 262, 485, 515

0:0:24:8, 265, 474, 513

0:0:24:58, 261, 481, 516

0:0:24:108, 249, 492, 513

0:0:24:174, 259, 487, 519

0:0:24:224, 259, 483, 507

0:0:24:274, 262, 485, 495

0:0:24:325, 254, 487, 501

0:0:24:375, 257, 480, 499

0:0:24:425, 255, 488, 494

0:0:24:475, 258, 486, 483

0:0:24:525, 274, 493, 489

0:0:24:575, 270, 473, 487

0:0:24:625, 264, 485, 461

0:0:24:676, 270, 474, 484

0:0:24:808, 252, 472, 487

0:0:24:858, 266, 477, 477

0:0:24:908, 262, 470, 482

0:0:24:958, 268, 468, 478

0:0:25:8, 270, 453, 478

0:0:25:58, 266, 465, 471

0:0:25:108, 264, 471, 481

0:0:25:158, 258, 477, 469

0:0:25:208, 323, 475, 446

0:0:25:308, 258, 470, 435

0:0:25:358, 266, 469, 445

0:0:25:825, 276, 529, 301

0:0:25:875, 282, 471, 402

0:0:25:925, 333, 479, 376

0:0:25:975, 326, 458, 373

0:0:26:25, 344, 472, 397

0:0:26:75, 331, 479, 383

0:0:26:125, 318, 478, 373

0:0:26:175, 327, 474, 360

0:0:26:226, 327, 477, 372

0:0:26:292, 329, 476, 379

0:0:26:358, 327, 477, 378

0:0:26:408, 332, 474, 367

0:0:26:458, 333, 470, 382

0:0:26:508, 324, 480, 367

0:0:26:558, 328, 471, 374

0:0:26:608, 325, 483, 367

0:0:26:658, 328, 478, 375

0:0:26:708, 328, 478, 376

0:0:26:758, 327, 472, 378

0:0:26:808, 331, 481, 369

0:0:26:858, 321, 477, 377

0:0:26:908, 333, 474, 371

0:0:26:958, 321, 484, 382

0:0:27:8, 318, 491, 362

0:0:27:59, 329, 471, 376

0:0:27:175, 330, 471, 379

0:0:27:225, null
0:0:27:275, 317, 477, 373

0:0:27:325, 323, 483, 394

0:0:27:375, 298, 476, 409

0:0:27:426, 314, 470, 397

0:0:27:476, 312, 449, 400

0:0:27:808, 338, 463, 403

0:0:27:858, 288, 462, 408

0:0:27:908, 288, 475, 416

0:0:27:958, 272, 491, 402

0:0:28:8, 325, 521, 439

0:0:28:58, 313, 475, 405

0:0:28:108, 297, 447, 411

0:0:28:158, 309, 435, 439

0:0:28:208, 265, 422, 486

0:0:28:258, 260, 467, 428

0:0:28:308, 190, 514, 242

0:0:28:358, 18, 534, 317

0:0:28:408, 91, 493, 512

0:0:28:458, 223, 464, 633

0:0:28:524, 370, 470, 735

0:0:28:575, 528, 496, 780

0:0:28:625, 623, 474, 741

0:0:28:676, 604, 500, 641

0:0:28:743, 596, 545, 566

0:0:28:925, 139, 553, 279

0:0:28:976, 276, 483, 416

0:0:29:26, 8, 360, 282

0:0:29:91, 473, 509, 430

0:0:29:142, 349, 466, 432

0:0:29:192, 203, 385, 427

0:0:29:243, 395, 419, 441

0:0:29:308, 289, 413, 387

0:0:29:358, 345, 427, 415

0:0:29:408, 329, 414, 396

0:0:29:458, 307, 448, 319

0:0:29:508, 200, 413, 196

0:0:29:559, 127, 422, 352

0:0:29:609, 211, 393, 588

0:0:29:792, 383, 413, 518

0:0:29:858, 389, 405, 520

0:0:29:908, 402, 383, 524

0:0:29:959, 399, 351, 534

0:0:30:9, 390, 352, 520

0:0:30:60, 404, 356, 547

0:0:30:275, 208, 791, 184

0:0:30:325, 35, 624, 179

0:0:30:375, 4, 124, 200

0:0:30:425, 283, 432, 357

0:0:30:475, 510, 451, 563

0:0:30:526, 383, 457, 506

0:0:30:658, 280, 417, 470

0:0:30:708, 274, 419, 451

0:0:30:759, 271, 427, 465

0:0:30:825, 324, 399, 464

0:0:30:875, 315, 384, 445

0:0:30:925, 289, 416, 435

0:0:30:975, 309, 400, 444

0:0:31:25, 304, 393, 443

0:0:31:75, 320, 407, 439

0:0:31:125, 307, 415, 450

0:0:31:175, 350, 426, 440

0:0:31:225, 280, 369, 378

0:0:31:275, 362, 438, 400

0:0:31:325, 317, 457, 368

0:0:31:376, 339, 411, 377

0:0:31:442, 336, 456, 383

0:0:31:492, 330, 418, 394

0:0:31:543, 335, 441, 372

0:0:31:725, 321, 432, 381

0:0:31:775, 341, 489, 370

0:0:31:825, 313, 476, 398

0:0:31:876, 288, 536, 389

0:0:31:942, 256, 505, 450

0:0:31:992, 295, 570, 423

0:0:32:42, 157, 597, 437

0:0:32:92, 302, 573, 450

0:0:32:142, 321, 548, 483

0:0:32:258, 219, 476, 510

0:0:32:358, 203, 438, 493

0:0:32:408, 164, 504, 455

0:0:32:458, 186, 472, 502

0:0:32:508, 221, 476, 483

0:0:32:558, 186, 471, 553

0:0:32:608, 222, 464, 572

0:0:32:658, 286, 463, 582

0:0:32:709, 356, 409, 589

0:0:32:759, 325, 427, 541

0:0:32:810, 333, 393, 539

0:0:33:225, 113, 699, 270

0:0:33:375, 403, 541, 436

0:0:33:425, 5, 470, 231

0:0:33:475, 539, 505, 433

0:0:33:525, 359, 518, 364

0:0:33:575, 240, 501, 378

0:0:33:625, 356, 503, 415

0:0:33:675, 311, 518, 350

0:0:33:725, 326, 484, 390

0:0:33:775, 339, 510, 356

0:0:33:825, 321, 496, 376

0:0:33:875, 333, 500, 366

0:0:33:926, 321, 496, 376

0:0:34:359, 326, 505, 364

0:0:34:409, 320, 505, 370

0:0:34:459, 326, 499, 369

0:0:34:509, 329, 497, 374

0:0:34:560, 321, 496, 370

0:0:34:625, 329, 498, 372

0:0:34:675, 315, 498, 379

0:0:34:725, 329, 499, 372

0:0:34:775, 308, 504, 387

0:0:34:825, 279, 487, 389

0:0:34:875, 197, 549, 249

0:0:34:925, 18, 567, 317

0:0:34:975, 272, 450, 543

0:0:35:25, 400, 412, 560

0:0:35:75, 370, 425, 544

0:0:35:125, 443, 427, 556

0:0:35:175, 485, 389, 587

0:0:35:225, 440, 406, 589

0:0:35:275, 412, 478, 571

0:0:35:326, 223, 641, 370

0:0:35:376, 325, 570, 418

0:0:35:442, 201, 623, 411

0:0:35:508, 284, 597, 418

0:0:35:558, 7, 528, 418

0:0:35:609, 281, 305, 419

0:0:35:659, 624, 527, 424

0:0:35:709, 269, 520, 209

0:0:35:759, 332, 496, 448

0:0:35:809, 282, 508, 354

0:0:35:859, 363, 489, 378

0:0:35:909, 313, 499, 360

0:0:35:959, 335, 508, 381

0:0:36:9, 309, 499, 378

0:0:36:59, 331, 505, 367

0:0:36:109, 324, 502, 378

0:0:36:475, 315, 500, 381

0:0:36:525, 331, 498, 376

0:0:36:575, 320, 499, 372

0:0:36:625, 318, 509, 382

0:0:36:675, 312, 504, 383

0:0:36:725, 324, 505, 377

0:0:36:775, 313, 494, 387

0:0:36:825, 327, 501, 376

0:0:36:875, 315, 507, 379

0:0:36:926, 312, 506, 388

0:0:36:976, 321, 505, 375

0:0:37:26, 320, 500, 379

0:0:37:76, 320, 501, 376

0:0:37:126, 318, 506, 380

0:0:37:176, 318, 508, 380

0:0:37:226, 313, 508, 376

0:0:37:492, 297, 507, 382

0:0:37:609, 83, 483, 465

0:0:37:659, 272, 474, 479

0:0:37:825, 484, 490, 595

0:0:37:875, 469, 547, 467

0:0:37:925, 534, 523, 662

0:0:37:975, 525, 533, 754

0:0:38:25, 574, 466, 819

0:0:38:75, 620, 533, 721

0:0:38:125, 542, 566, 729

0:0:38:175, 464, 578, 687

0:0:38:225, 596, 441, 762

0:0:38:275, 541, 519, 712

0:0:38:325, 530, 473, 703

0:0:38:375, 512, 487, 632

0:0:38:426, 614, 453, 724

0:0:38:492, 566, 573, 710

0:0:38:542, 516, 605, 731

0:0:38:592, 547, 638, 705

0:0:38:642, 572, 573, 756

0:0:38:692, 525, 577, 691

0:0:38:742, 512, 563, 657

0:0:38:792, 547, 509, 683

0:0:38:842, 581, 478, 657

0:0:38:892, 535, 475, 643

0:0:38:942, 557, 465, 624

0:0:38:992, 376, 458, 531

0:0:39:42, 267, 506, 530

0:0:39:92, 229, 473, 784

0:0:39:142, 271, 496, 734

0:0:39:192, 419, 371, 739

0:0:39:242, 332, 472, 817

0:0:39:292, 428, 457, 741

0:0:39:342, 424, 442, 772

0:0:39:392, 429, 479, 694

0:0:39:443, 476, 480, 689

0:0:39:508, 449, 472, 737

0:0:39:558, 460, 506, 697

0:0:39:608, 562, 496, 764

0:0:39:658, 501, 483, 704

0:0:39:708, 499, 489, 731

0:0:39:758, 532, 459, 704

0:0:39:809, 495, 464, 719

0:0:39:859, 533, 463, 726

0:0:39:909, 533, 474, 699

0:0:39:959, 507, 465, 714

0:0:40:9, 533, 461, 708

0:0:40:59, 512, 453, 697

0:0:40:109, 505, 454, 704

0:0:40:159, 530, 453, 707

0:0:40:210, 517, 458, 709

0:0:40:260, 515, 455, 709

0:0:40:325, 517, 452, 729

0:0:40:376, 537, 465, 696

0:0:40:442, null
0:0:40:559, 469, 482, 697

0:0:40:609, 444, 418, 713

0:0:40:659, 416, 433, 676

0:0:40:709, 408, 426, 737

0:0:40:759, 401, 457, 676

0:0:40:875, 326, 483, 599

0:0:40:925, 306, 428, 666

0:0:40:975, 311, 471, 593

0:0:41:25, 279, 497, 597

0:0:41:75, 288, 484, 629

0:0:41:125, 317, 471, 617

0:0:41:176, 298, 473, 602

0:0:41:226, 291, 485, 619

0:0:41:276, 282, 488, 609

0:0:41:326, 286, 487, 612

0:0:41:376, 292, 487, 621

0:0:41:427, 295, 484, 618

0:0:41:492, 291, 486, 608

0:0:41:542, 301, 479, 612

0:0:41:592, 301, 483, 615

0:0:41:642, 293, 488, 608

0:0:41:693, 300, 484, 611

0:0:41:759, 298, 483, 612

0:0:41:809, 282, 486, 614

0:0:41:859, 289, 492, 610

0:0:41:909, 294, 482, 614

0:0:41:959, 293, 485, 610

0:0:42:9, 290, 485, 613

0:0:42:59, 294, 486, 613

0:0:42:193, 294, 484, 606

0:0:42:258, 282, 486, 608

0:0:42:308, 296, 489, 612

0:0:42:359, 287, 486, 610

0:0:42:575, 291, 487, 608

0:0:42:676, 288, 488, 611

0:0:42:726, 287, 486, 607

0:0:42:776, 288, 487, 606

0:0:42:893, 292, 484, 606

0:0:42:959, 287, 485, 602

0:0:43:9, 287, 486, 606

0:0:43:60, 290, 485, 607

0:0:43:125, 283, 485, 603

0:0:43:175, 290, 485, 610

0:0:43:226, 289, 485, 607

0:0:43:509, 282, 487, 604

0:0:43:575, 289, 487, 609

0:0:43:625, 284, 484, 606

0:0:43:675, 289, 487, 606

0:0:43:725, 285, 486, 605

0:0:43:775, 290, 484, 605

0:0:43:825, 293, 485, 608

0:0:43:875, 280, 487, 603

0:0:43:925, 293, 486, 611

0:0:43:975, 281, 489, 605

0:0:44:26, 289, 487, 610

0:0:44:76, 286, 486, 604

0:0:44:126, 286, 490, 609

0:0:44:176, 292, 483, 602

0:0:44:226, 288, 482, 592

0:0:44:276, 283, 488, 616

0:0:44:326, 287, 491, 608

0:0:44:376, 285, 488, 610

0:0:44:426, 288, 486, 606

0:0:44:476, 290, 485, 610

0:0:44:526, 287, 487, 601

0:0:44:576, 290, 478, 600

0:0:44:642, 282, 484, 598

0:0:44:692, 289, 485, 607

0:0:44:742, 288, 486, 609

0:0:44:792, 291, 484, 606

0:0:44:842, 289, 484, 611

0:0:44:892, 290, 491, 616

0:0:44:943, 285, 483, 609

0:0:45:9, 288, 488, 597

0:0:45:59, 282, 483, 611

0:0:45:109, 293, 482, 607

0:0:45:676, 282, 468, 573

0:0:45:776, 282, 471, 590

0:0:45:826, 274, 470, 591

0:0:45:876, 280, 470, 581

0:0:45:926, 272, 472, 576

0:0:45:976, 280, 469, 588

0:0:46:792, 280, 470, 586

0:0:46:843, 283, 465, 577

0:0:46:893, 282, 468, 585

0:0:46:943, 279, 467, 589

0:0:46:993, 276, 471, 582

0:0:47:43, 277, 471, 581

0:0:47:93, 281, 469, 586

0:0:47:525, 276, 471, 583

0:0:47:575, 279, 469, 583

0:0:47:625, 279, 471, 590

0:0:47:675, 279, 468, 588

0:0:47:725, 278, 471, 583

0:0:47:775, 282, 470, 591

0:0:47:825, 275, 473, 587

0:0:47:925, 283, 468, 582

0:0:47:975, 277, 468, 575

0:0:48:776, 283, 468, 583

0:0:48:826, 278, 467, 585

0:0:48:942, 283, 468, 586

0:0:49:609, 281, 468, 588

0:0:49:659, 280, 468, 589

0:0:49:709, 282, 468, 586

0:0:49:759, 279, 469, 587

0:0:49:809, 282, 471, 590

0:0:49:859, 281, 469, 590

0:0:49:909, 277, 468, 584

0:0:49:959, 285, 469, 590

0:0:50:776, 278, 471, 589

0:0:50:843, 280, 470, 587

0:0:50:908, 279, 471, 590

0:0:50:959, 279, 470, 587

0:0:51:9, 281, 469, 584

0:0:51:59, 281, 470, 590

0:0:51:109, 278, 469, 586

0:0:51:159, 281, 469, 589

0:0:51:209, 280, 470, 589

0:0:51:259, 279, 469, 587

0:0:51:310, 279, 469, 587

0:0:51:443, 195, 474, 604

0:0:51:493, 182, 445, 563

0:0:51:559, 197, 423, 562

0:0:51:609, 275, 412, 498

0:0:51:659, 237, 414, 527

0:0:51:709, 273, 392, 529

0:0:51:759, 360, 356, 517

0:0:51:809, 305, 376, 522

0:0:51:859, 412, 389, 497

0:0:51:909, 526, 431, 446

0:0:51:960, 640, 479, 455

0:0:52:26, 564, 493, 640

0:0:52:92, 32, 475, 925

0:0:52:759, 319, 515, 511

0:0:52:809, 239, 474, 492

0:0:52:859, 285, 470, 470

0:0:52:909, 244, 493, 481

0:0:52:959, 263, 481, 527

0:0:53:9, 267, 477, 532

0:0:53:59, 265, 483, 508

0:0:53:725, 265, 475, 512

0:0:53:776, 263, 470, 510

0:0:53:843, 261, 477, 501

0:0:53:893, 262, 479, 511

0:0:53:944, 260, 477, 515

0:0:54:9, 261, 478, 506

0:0:54:59, 263, 476, 508

0:0:54:109, 263, 467, 511

0:0:54:159, 140, 496, 451

0:0:54:209, 10, 555, 406

0:0:54:259, 311, 490, 484

0:0:54:309, 481, 449, 631

0:0:54:359, 619, 389, 703

0:0:54:410, 588, 447, 656

0:0:54:842, 224, 467, 505

0:0:54:892, 281, 471, 505

0:0:54:942, 267, 466, 522

0:0:54:992, 253, 456, 495

0:0:55:42, 269, 490, 466

0:0:55:142, 265, 475, 512

0:0:55:192, 256, 476, 507

0:0:55:660, 264, 474, 502

0:0:55:710, 255, 465, 510

0:0:55:777, 264, 471, 494

0:0:55:959, 276, 465, 495

0:0:56:9, 261, 464, 492

0:0:56:59, 263, 465, 494

0:0:56:109, 262, 467, 496

0:0:56:159, 257, 467, 506

0:0:56:676, 261, 466, 494

0:0:56:726, 262, 460, 493

0:0:56:776, 268, 464, 491

0:0:56:826, 262, 463, 492

0:0:56:877, 269, 463, 489

0:0:56:943, 260, 465, 492

0:0:56:993, 264, 467, 495

0:0:57:44, 263, 463, 492

0:0:57:109, 267, 463, 495

0:0:57:159, 263, 467, 497

0:0:57:209, 264, 465, 486

0:0:57:259, 268, 467, 489

0:0:57:309, 260, 467, 498

0:0:57:359, 261, 468, 500

0:0:57:409, 266, 468, 498

0:0:57:459, 263, 464, 499

0:0:57:509, 265, 468, 483

0:0:57:559, 267, 469, 483

0:0:57:610, 253, 473, 500

0:0:57:942, 261, 466, 486

0:0:57:992, 270, 470, 473

0:0:58:42, 266, 465, 479

0:0:58:93, 263, 465, 487

0:0:58:143, 264, 466, 483

0:0:58:243, 264, 463, 477

0:0:58:293, 269, 460, 463

0:0:58:910, 275, 459, 445

0:0:58:975, 275, 459, 442

0:0:59:27, 281, 463, 441

0:0:59:77, 274, 486, 417

0:0:59:143, 299, 500, 386

0:0:59:209, 221, 443, 538

0:0:59:259, 244, 372, 533

0:0:59:375, 273, 465, 407

0:0:59:425, 295, 454, 442

0:0:59:476, 290, 445, 421

0:0:59:526, 293, 445, 428

0:0:59:576, 299, 455, 410

0:0:59:627, 306, 430, 409

0:0:59:693, 311, 468, 406

0:0:59:743, 299, 416, 421

0:0:59:793, 309, 455, 409

0:0:59:843, 325, 425, 402

0:0:59:893, 349, 383, 410

0:0:59:943, 283, 435, 411

0:0:59:993, 306, 438, 376

0:1:0:43, 334, 406, 406

0:1:0:93, 295, 439, 394

0:1:0:143, 337, 409, 413

0:1:0:193, 298, 429, 412

0:1:0:243, 337, 401, 413

0:1:0:293, 303, 420, 419

0:1:0:359, 308, 426, 414

0:1:0:409, 311, 417, 414

0:1:0:459, 300, 414, 410

0:1:0:509, 337, 381, 441

0:1:0:560, 291, 408, 426

0:1:0:792, 328, 390, 441

0:1:0:842, 308, 400, 436

0:1:0:893, 295, 407, 463

0:1:0:943, 284, 408, 482

0:1:0:993, 287, 402, 468

0:1:1:43, 293, 420, 486

0:1:1:93, 259, 423, 514

0:1:1:143, 288, 406, 509

0:1:1:194, 297, 395, 507

0:1:1:260, 286, 416, 481

0:1:1:310, 272, 424, 493

0:1:1:376, 274, 430, 473

0:1:1:427, 293, 424, 490

0:1:1:809, 286, 418, 486

0:1:1:859, 270, 422, 496

0:1:1:909, 281, 425, 487

0:1:1:959, 279, 422, 480

0:1:2:9, 276, 419, 484

0:1:2:59, 283, 422, 501

0:1:2:109, 277, 417, 489

0:1:2:159, 281, 425, 486

0:1:2:209, 280, 418, 478

0:1:2:259, 294, 416, 487

0:1:2:360, 290, 419, 503

0:1:2:526, 298, 406, 519

0:1:2:576, 278, 421, 497

0:1:2:626, 280, 424, 509

0:1:2:676, 274, 417, 500

0:1:2:726, 282, 420, 489

0:1:2:776, 282, 422, 505

0:1:2:826, 272, 420, 500

0:1:2:876, 272, 429, 503

0:1:2:926, 270, 425, 508

0:1:2:976, 272, 424, 491

0:1:3:26, 276, 427, 495

0:1:3:76, 265, 428, 507

0:1:3:127, 282, 417, 507

0:1:3:193, 279, 421, 505

0:1:3:243, 267, 427, 499

0:1:3:310, 276, 423, 506

0:1:3:376, 274, 432, 508

0:1:3:592, 277, 423, 508

0:1:3:642, 276, 421, 503

0:1:3:693, 277, 423, 507

0:1:3:744, 274, 425, 500

0:1:3:810, 281, 421, 510

0:1:3:860, 275, 424, 506

0:1:3:910, 275, 422, 506

0:1:3:960, 277, 417, 523

0:1:4:10, 271, 414, 540

0:1:4:60, 222, 438, 554

0:1:4:110, 275, 403, 540

0:1:4:176, 317, 436, 403

0:1:4:226, 316, 438, 364

0:1:4:326, 323, 347, 797

0:1:4:376, 355, 397, 669

0:1:4:426, 280, 404, 484

0:1:4:477, 292, 400, 479

0:1:4:709, 104, 375, 555

0:1:4:759, 46, 359, 691

0:1:4:809, 389, 377, 545

0:1:4:859, 698, 330, 652

0:1:4:909, 505, 558, 516

0:1:4:959, 225, 652, 300

0:1:5:9, 191, 610, 375

0:1:5:59, 371, 505, 528

0:1:5:110, 477, 441, 497

0:1:5:160, 415, 375, 535

0:1:5:210, 353, 356, 619

0:1:5:260, 308, 396, 588

0:1:5:310, 9, 239, 730

0:1:5:360, 268, 451, 474

0:1:5:460, 47, 465, 458

0:1:5:526, 275, 426, 536

0:1:5:576, 336, 402, 553

0:1:5:626, 216, 420, 539

0:1:5:676, 310, 419, 524

0:1:5:726, 267, 414, 526

0:1:5:776, 282, 420, 514

0:1:5:826, 281, 420, 507

0:1:5:876, 273, 405, 526

0:1:5:926, 292, 411, 525

0:1:5:976, 283, 417, 526

0:1:6:26, 269, 415, 544

0:1:6:76, 282, 414, 523

0:1:6:126, 283, 414, 515

0:1:6:177, 282, 410, 532

0:1:6:242, 286, 416, 537

0:1:6:292, 277, 412, 536

0:1:6:342, 281, 415, 528

0:1:6:392, 282, 414, 534

0:1:6:442, 275, 416, 530

0:1:6:493, 286, 412, 547

0:1:6:543, 288, 408, 534

0:1:6:594, 283, 414, 531

0:1:6:660, 275, 414, 538

0:1:6:711, 278, 415, 538

0:1:6:843, 291, 406, 534

0:1:6:893, 273, 424, 521

0:1:6:943, 270, 420, 515

0:1:6:993, 278, 415, 525

0:1:7:43, 278, 414, 524

0:1:7:93, 276, 416, 518

0:1:7:143, 291, 412, 527

0:1:7:193, 266, 419, 513

0:1:7:243, 286, 411, 523

0:1:7:293, 283, 415, 522

0:1:7:343, 280, 414, 518

0:1:7:393, 286, 410, 521

0:1:7:443, 270, 417, 530

0:1:7:493, 269, 415, 529

0:1:7:609, 280, 413, 520

0:1:7:659, 286, 412, 527

0:1:7:709, 265, 418, 536

0:1:7:759, 282, 415, 524

0:1:7:809, 281, 410, 531

0:1:7:859, 282, 413, 524

0:1:7:910, 273, 413, 531

0:1:7:960, 289, 410, 529

0:1:8:10, 280, 413, 528

0:1:8:60, 285, 410, 532

0:1:8:110, 279, 413, 526

0:1:8:160, 274, 412, 528

0:1:8:210, 283, 413, 532

0:1:8:260, 275, 410, 532

0:1:8:326, 292, 412, 527

0:1:8:376, 272, 411, 534

0:1:8:427, 288, 410, 527

0:1:8:493, 277, 411, 527

0:1:8:543, 290, 408, 530

0:1:8:593, 279, 411, 533

0:1:8:643, 288, 409, 527

0:1:8:693, 281, 410, 534

0:1:8:743, 283, 411, 532

0:1:8:793, 281, 411, 527

0:1:8:843, 275, 409, 529

0:1:8:893, 295, 408, 529

0:1:8:943, 278, 411, 530

0:1:8:993, 290, 410, 534

0:1:9:43, 277, 410, 528

0:1:9:93, 284, 410, 533

0:1:9:143, 280, 408, 528

0:1:9:193, 293, 406, 529

0:1:9:259, 283, 409, 531

0:1:9:310, null
0:1:9:410, 286, 408, 531

0:1:9:460, 284, 410, 533

0:1:9:510, 283, 408, 529

0:1:9:560, 281, 409, 530

0:1:9:610, 287, 410, 531

0:1:9:661, 279, 409, 531

0:1:9:843, 286, 410, 530

0:1:9:893, 276, 410, 529

0:1:9:943, 283, 409, 531

0:1:9:993, 282, 408, 532

0:1:10:43, 284, 411, 532

0:1:10:94, 278, 408, 532

0:1:10:159, 288, 408, 528

0:1:10:209, 282, 409, 530

0:1:10:259, 283, 407, 528

0:1:10:309, 286, 407, 525

0:1:10:359, 281, 408, 525

0:1:10:409, 283, 406, 532

0:1:10:459, 297, 404, 521

0:1:10:509, 260, 410, 525

0:1:10:559, 295, 401, 527

0:1:10:610, 280, 408, 518

0:1:10:676, 291, 411, 516

0:1:10:727, 300, 400, 528

0:1:10:910, 283, 402, 521

0:1:10:961, 283, 401, 539

0:1:11:28, 301, 401, 543

0:1:11:160, 278, 401, 541

0:1:11:210, 288, 399, 541

0:1:11:260, 290, 403, 532

0:1:11:310, 286, 403, 538

0:1:11:361, 283, 399, 540

0:1:11:427, 279, 402, 534

0:1:11:493, 284, 403, 532

0:1:11:543, 313, 397, 520

0:1:11:593, 288, 400, 525

0:1:11:643, 299, 401, 527

0:1:11:693, 294, 400, 525

0:1:11:743, 295, 407, 522

0:1:11:793, 257, 407, 535

0:1:11:843, 287, 414, 532

0:1:11:893, 262, 428, 519

0:1:11:943, 272, 407, 579

0:1:11:993, 384, 402, 649

0:1:12:43, 322, 392, 672

0:1:12:93, 357, 394, 626

0:1:12:144, 299, 382, 643

0:1:12:327, 442, 436, 602

0:1:12:377, 436, 484, 627

0:1:12:427, 332, 388, 708

0:1:12:478, 111, 384, 688

0:1:12:543, 421, 419, 519

0:1:12:593, 230, 428, 509

0:1:12:643, 285, 405, 565

0:1:12:693, 324, 400, 596

0:1:12:743, 272, 403, 573

0:1:12:793, 307, 404, 551

0:1:12:843, 285, 400, 563

0:1:12:893, 326, 400, 582

0:1:12:943, 294, 402, 584

0:1:12:993, 288, 403, 568

0:1:13:43, 292, 403, 554

0:1:13:93, 293, 402, 555

0:1:13:144, 296, 401, 572

0:1:13:209, 307, 400, 583

0:1:13:259, 295, 403, 571

0:1:13:309, 296, 403, 569

0:1:13:359, 285, 405, 563

0:1:13:409, 303, 400, 564

0:1:13:459, 299, 402, 575

0:1:13:509, 308, 402, 584

0:1:13:560, 295, 403, 576

0:1:13:610, 293, 405, 565

0:1:13:660, 290, 405, 563

0:1:13:710, 296, 403, 567

0:1:13:760, 307, 402, 575

0:1:13:810, 300, 403, 580

0:1:13:860, 295, 404, 575

0:1:13:910, 286, 404, 563

0:1:13:960, 294, 404, 566

0:1:14:10, 295, 403, 574

0:1:14:60, 300, 402, 572

0:1:14:110, 294, 404, 570

0:1:14:160, 298, 403, 572

0:1:14:210, 295, 404, 573

0:1:14:260, 294, 404, 570

0:1:14:310, 296, 403, 572

0:1:14:360, 294, 402, 572

0:1:14:410, 300, 403, 570

0:1:14:460, 292, 403, 568

0:1:14:510, 301, 404, 573

0:1:14:577, 291, 404, 572

0:1:14:627, 303, 404, 573

0:1:14:693, 294, 402, 571

0:1:14:743, 295, 404, 561

0:1:14:793, 296, 403, 570

0:1:14:843, 298, 403, 575

0:1:14:893, 292, 402, 566

0:1:14:944, 299, 403, 572

0:1:14:994, 296, 402, 574

0:1:15:44, 296, 403, 569

0:1:15:428, 290, 404, 572

0:1:15:493, 303, 403, 570

0:1:15:543, 293, 404, 574

0:1:15:593, 300, 403, 569

0:1:15:643, 300, 402, 574

0:1:15:693, 294, 403, 564

0:1:15:743, 296, 403, 572

0:1:15:794, 296, 403, 573

0:1:15:860, 304, 404, 568

0:1:15:910, 296, 402, 573

0:1:15:960, 296, 403, 570

0:1:16:10, 298, 401, 571

0:1:16:60, 295, 402, 567

0:1:16:493, 296, 403, 568

0:1:16:543, 298, 401, 572

0:1:16:593, 297, 402, 572

0:1:16:643, 298, 403, 568

0:1:16:793, 292, 402, 567

0:1:16:961, 302, 396, 571

0:1:17:27, 303, 397, 574

0:1:17:160, 310, 394, 594

0:1:17:210, 317, 396, 589

0:1:17:260, 299, 398, 587

0:1:17:310, 309, 397, 584

0:1:17:360, 298, 398, 579

0:1:17:410, 294, 404, 585

0:1:17:460, 259, 413, 586

0:1:17:526, 261, 453, 588

0:1:17:576, 245, 443, 552

0:1:17:626, 295, 440, 523

0:1:17:676, 246, 336, 549

0:1:17:727, 438, 383, 557

0:1:17:777, 482, 338, 630

0:1:17:828, 293, 386, 662

0:1:17:878, 182, 359, 606

0:1:17:944, 117, 386, 486

0:1:17:994, 200, 403, 551

0:1:18:610, 387, 425, 444

0:1:18:660, 219, 544, 402

0:1:18:710, 312, 491, 415

0:1:18:760, 282, 503, 392

0:1:18:810, 293, 496, 413

0:1:18:860, 279, 502, 391

0:1:18:910, 299, 499, 411

0:1:19:577, 286, 475, 427

0:1:19:627, 312, 437, 425

0:1:19:727, 297, 435, 447

0:1:19:777, 296, 442, 425

0:1:19:828, 305, 430, 432

0:1:20:594, null
0:1:20:694, 305, 404, 485

0:1:20:745, 305, 399, 492

0:1:21:560, null
0:1:21:677, 288, 410, 494

0:1:21:743, 285, 408, 492

0:1:21:793, 280, 410, 492

0:1:21:843, 283, 409, 495

0:1:21:893, 285, 410, 490

0:1:21:944, 282, 408, 487

0:1:21:994, 290, 401, 491

0:1:22:44, 278, 415, 483

0:1:22:94, 285, 405, 478

0:1:22:144, 290, 414, 473

0:1:22:194, 284, 417, 478

0:1:22:244, 285, 415, 487

0:1:22:294, 278, 413, 481

0:1:22:360, 282, 407, 481

0:1:22:410, 284, 383, 475

0:1:22:460, 284, 404, 486

0:1:22:510, 298, 406, 490

0:1:22:560, 306, 396, 497

0:1:22:610, 263, 434, 468

0:1:22:661, 311, 402, 447

0:1:22:727, 270, 418, 456

0:1:22:827, 276, 451, 448

0:1:22:877, 278, 431, 436

0:1:22:927, 323, 406, 443

0:1:22:977, 263, 448, 435

0:1:23:210, 287, 464, 447

0:1:23:260, 284, 442, 449

0:1:23:310, 300, 424, 440

0:1:23:360, 287, 437, 444

0:1:23:410, 288, 464, 440

0:1:23:460, 282, 442, 438

0:1:23:510, 296, 436, 430

0:1:23:560, 280, 441, 441

0:1:23:610, 273, 450, 453

0:1:23:661, 302, 431, 443

0:1:23:711, 297, 441, 427

0:1:23:778, 291, 451, 420

0:1:23:844, 302, 440, 423

0:1:23:894, 278, 459, 421

0:1:23:944, 292, 447, 422

0:1:23:994, 295, 444, 443

0:1:24:626, 344, 440, 392

0:1:24:677, 226, 454, 429

0:1:24:743, 289, 434, 491

0:1:24:794, 325, 411, 532

0:1:24:845, 285, 361, 544

0:1:24:910, 337, 338, 539

0:1:24:961, 358, 370, 590

0:1:25:11, 342, 407, 628

0:1:25:343, 386, 381, 691

0:1:25:394, 332, 404, 608

0:1:25:444, 313, 391, 588

0:1:25:494, 334, 394, 604

0:1:25:544, 319, 399, 625

0:1:25:594, 308, 409, 613

0:1:25:644, 307, 408, 582

0:1:25:694, 308, 381, 554

0:1:25:744, 315, 378, 571

0:1:25:794, 318, 366, 577

0:1:25:845, 311, 387, 563

0:1:25:910, 292, 395, 562

0:1:25:960, 296, 392, 576

0:1:26:10, 310, 387, 575

0:1:26:60, 306, 391, 559

0:1:26:110, 311, 392, 558

0:1:26:160, 297, 387, 573

0:1:26:210, 312, 390, 562

0:1:26:261, 290, 396, 566

0:1:26:327, 299, 386, 575

0:1:26:378, 320, 392, 553

0:1:26:794, 301, 389, 562

0:1:26:844, null
0:1:26:894, 291, 387, 562

0:1:26:945, 309, 389, 559

0:1:27:111, 307, 388, 563

0:1:27:177, 300, 391, 564

0:1:27:227, 296, 388, 555

0:1:27:278, 296, 391, 563

0:1:27:345, 297, 389, 567

0:1:27:527, 301, 383, 560

0:1:27:577, 317, 392, 558

0:1:27:627, 288, 387, 568

0:1:27:677, 310, 391, 567

0:1:27:727, 306, 382, 567

0:1:27:777, 305, 387, 564

0:1:27:827, 345, 378, 533

0:1:27:877, 326, 388, 553

0:1:27:943, 318, 383, 579

0:1:27:993, 300, 404, 584

0:1:28:43, 309, 388, 571

0:1:28:93, 316, 394, 567

0:1:28:144, 298, 383, 579

0:1:28:194, 309, 392, 568

0:1:28:244, 299, 393, 573

0:1:28:294, 306, 389, 572

0:1:28:344, 306, 395, 576

0:1:28:394, 303, 388, 575

0:1:28:444, 305, 392, 568

0:1:28:494, 300, 402, 570

0:1:28:544, 294, 375, 573

0:1:28:594, 308, 392, 561

0:1:28:644, 306, 391, 575

0:1:28:694, 295, 391, 570

0:1:28:744, 305, 391, 566

0:1:28:794, 303, 393, 569

0:1:28:844, 299, 387, 569

0:1:28:895, 296, 394, 567

0:1:28:960, 303, 391, 577

0:1:29:10, 302, 388, 564

0:1:29:60, 303, 398, 558

0:1:29:110, 295, 384, 570

0:1:29:160, 315, 391, 561

0:1:29:210, 292, 390, 562

0:1:29:260, 313, 383, 562

0:1:29:310, 305, 388, 566

0:1:29:360, 298, 389, 562

0:1:29:411, 312, 386, 564

0:1:29:477, 301, 389, 565

0:1:29:527, 297, 397, 566

0:1:29:894, 293, 390, 559

0:1:29:944, 303, 379, 577

0:1:30:44, 290, 399, 558

0:1:30:94, 307, 383, 559

0:1:30:144, 312, 383, 566

0:1:30:194, 298, 388, 561

0:1:30:244, 315, 380, 566

0:1:30:294, 310, 386, 560

0:1:30:344, 309, 383, 568

0:1:30:394, 301, 387, 560

0:1:30:444, 300, 389, 559

0:1:30:494, 293, 394, 570

0:1:30:777, 317, 387, 556

0:1:30:844, 271, 409, 562

0:1:30:910, 325, 393, 594

0:1:31:12, 304, 369, 589

0:1:31:77, 274, 409, 554

0:1:31:344, 213, 396, 683

0:1:31:394, 480, 308, 802

0:1:31:444, 596, 366, 619

0:1:31:494, 619, 390, 520

0:1:31:544, 554, 413, 499

0:1:31:594, 430, 464, 508

0:1:31:644, 284, 526, 538

0:1:31:694, 34, 433, 554

0:1:31:744, 61, 509, 354

0:1:31:794, 879, 426, 444

0:1:31:844, 26, 385, 578

0:1:31:894, 320, 433, 535

0:1:31:944, 301, 404, 521

0:1:31:994, 245, 425, 520

0:1:32:60, 295, 413, 508

0:1:32:110, 262, 416, 504

0:1:32:160, 292, 417, 506

0:1:32:210, 274, 414, 515

0:1:32:260, 295, 403, 514

0:1:32:310, 286, 409, 506

0:1:32:360, 300, 400, 505

0:1:32:411, 301, 401, 524

0:1:32:461, 222, 456, 498

0:1:32:511, 282, 452, 484

0:1:32:561, 252, 425, 509

0:1:32:611, 309, 392, 515

0:1:32:661, 272, 395, 490

0:1:32:712, 293, 421, 500

0:1:32:762, 260, 435, 506

0:1:32:827, 264, 377, 571

0:1:32:878, 59, 394, 794

0:1:33:11, 630, 609, 467

0:1:33:61, 699, 483, 691

0:1:33:127, 630, 345, 904

0:1:33:177, 735, 172, 998

0:1:33:227, 590, 454, 765

0:1:33:277, 554, 583, 498

0:1:33:327, 291, 680, 271

0:1:33:378, 298, 585, 463

0:1:33:444, 350, 572, 512

0:1:33:495, 1, 399, 687

0:1:33:627, 257, 450, 575

0:1:33:677, 347, 381, 564

0:1:33:727, 263, 433, 514

0:1:33:777, 273, 426, 551

0:1:33:827, 280, 435, 513

0:1:33:877, 260, 430, 541

0:1:33:927, 281, 431, 529

0:1:33:978, 259, 430, 545

0:1:34:44, 283, 432, 544

0:1:34:94, 273, 431, 532

0:1:34:144, 265, 424, 534

0:1:34:194, 289, 430, 534

0:1:34:244, 270, 430, 539

0:1:34:295, 277, 430, 530

0:1:34:361, 279, 427, 527

0:1:34:411, 276, 428, 530

0:1:34:462, 283, 430, 540

0:1:34:794, 263, 429, 537

0:1:34:844, 272, 441, 542

0:1:34:910, 295, 421, 530

0:1:34:960, 281, 415, 544

0:1:35:10, 290, 414, 519

0:1:35:60, 262, 443, 544

0:1:35:110, 302, 417, 537

0:1:35:160, 258, 417, 526

0:1:35:210, 310, 405, 524

0:1:35:261, 262, 428, 554

0:1:35:311, 277, 423, 541

0:1:35:361, 259, 433, 508

0:1:35:411, 267, 417, 534

0:1:35:461, 261, 438, 525

0:1:35:511, 282, 392, 541

0:1:35:561, 282, 422, 540

0:1:35:611, 296, 409, 534

0:1:35:661, 276, 409, 546

0:1:35:711, 281, 414, 534

0:1:35:761, 284, 404, 541

0:1:35:811, 294, 401, 536

0:1:35:861, 302, 393, 542

0:1:35:912, 276, 400, 549

0:1:35:977, 291, 410, 546

0:1:36:27, 297, 397, 549

0:1:36:77, 296, 405, 547

0:1:36:128, 282, 412, 545

0:1:36:194, 277, 413, 552

0:1:36:244, 277, 416, 551

0:1:36:294, 297, 402, 542

0:1:36:344, 280, 399, 536

0:1:36:394, 271, 410, 550

0:1:36:444, 267, 421, 559

0:1:37:111, 282, 411, 541

0:1:37:161, 284, 400, 539

0:1:37:261, 305, 395, 550

0:1:37:311, 295, 392, 539

0:1:37:361, 301, 398, 542

0:1:37:411, 276, 408, 552

0:1:37:461, 298, 396, 546

0:1:37:644, 274, 403, 550

0:1:37:694, 293, 398, 547

0:1:37:744, 276, 398, 551

0:1:37:810, 289, 400, 549

0:1:37:860, 280, 401, 546

0:1:37:910, 301, 394, 544

0:1:37:960, 284, 399, 553

0:1:38:10, 293, 408, 540

0:1:38:61, 296, 394, 544

0:1:38:111, 297, 398, 543

0:1:38:161, 314, 381, 542

0:1:38:211, 281, 397, 559

0:1:38:261, 305, 394, 549

0:1:38:311, 296, 396, 540

0:1:38:361, 294, 390, 555

0:1:38:411, 293, 398, 544

0:1:38:461, 299, 396, 541

0:1:38:511, 293, 395, 555

0:1:38:561, 301, 391, 552

0:1:38:611, 301, 389, 547

0:1:38:661, 291, 393, 547

0:1:38:711, 291, 397, 556

0:1:38:761, 292, 395, 563

0:1:38:811, 293, 392, 549

0:1:38:861, 299, 395, 545

0:1:38:911, 299, 391, 554

0:1:38:961, 283, 396, 549

0:1:39:11, 298, 394, 555

0:1:39:77, 291, 390, 549

0:1:39:128, 310, 381, 537

0:1:39:244, 313, 389, 541

0:1:39:294, 291, 393, 551

0:1:39:345, 294, 394, 540

0:1:39:410, 283, 408, 540

0:1:39:677, 300, 399, 532

0:1:39:728, 293, 408, 534

0:1:39:778, 288, 398, 535

0:1:39:828, 279, 412, 551

0:1:39:878, 294, 407, 535

0:1:39:928, 262, 419, 542

0:1:39:978, 304, 406, 533

0:1:40:28, 254, 418, 544

0:1:40:78, 307, 403, 528

0:1:40:144, 278, 407, 542

0:1:40:195, 282, 411, 542

0:1:40:261, 296, 415, 529

0:1:40:311, null
0:1:40:377, 269, 421, 539

0:1:40:544, 288, 424, 535

0:1:40:594, 273, 409, 549

0:1:40:644, 273, 426, 531

0:1:40:694, 282, 414, 539

0:1:40:760, 285, 413, 542

0:1:40:810, 277, 414, 542

0:1:40:861, 283, 417, 536

0:1:40:911, 276, 419, 530

0:1:40:961, 274, 421, 536

0:1:41:11, 278, 415, 532

0:1:41:61, 283, 418, 533

0:1:41:111, 267, 416, 532

0:1:41:161, 302, 413, 528

0:1:41:211, 262, 415, 531

0:1:41:261, 301, 413, 529

0:1:41:311, 269, 419, 531

0:1:41:361, 276, 415, 535

0:1:41:411, 293, 415, 531

0:1:41:461, 276, 417, 531

0:1:41:511, 271, 415, 532

0:1:41:561, 304, 406, 526

0:1:41:611, 276, 418, 530

0:1:41:661, 271, 413, 540

0:1:41:711, 286, 420, 522

0:1:41:762, 265, 415, 534

0:1:41:812, 286, 419, 528

0:1:41:877, 272, 414, 532

0:1:41:927, 284, 413, 530

0:1:41:978, 284, 424, 530

0:1:42:194, 274, 416, 529

0:1:42:345, 288, 416, 530

0:1:42:395, 274, 418, 527

0:1:42:511, 288, 415, 532

0:1:42:728, 277, 419, 528

0:1:42:794, 271, 419, 529

0:1:42:844, 285, 416, 528

0:1:42:894, 280, 419, 528

0:1:42:944, 284, 413, 529

0:1:42:995, 272, 424, 527

0:1:43:45, 276, 418, 525

0:1:43:177, 272, 423, 532

0:1:43:227, 279, 418, 525

0:1:43:277, 282, 419, 528

0:1:43:327, 274, 420, 525

0:1:43:377, 279, 418, 526

0:1:43:478, 277, 418, 525

0:1:43:594, 277, 423, 523

0:1:43:644, 277, 419, 528

0:1:43:695, 284, 420, 525

0:1:43:745, 276, 420, 528

0:1:43:795, 275, 420, 525

0:1:43:845, 283, 419, 527

0:1:43:911, 282, 419, 527

0:1:43:961, 278, 418, 523

0:1:44:11, 282, 420, 529

0:1:44:62, 279, 424, 529

0:1:44:194, 278, 420, 525

0:1:44:244, 272, 422, 525

0:1:44:294, 282, 417, 528

0:1:44:344, 282, 421, 525

0:1:44:444, 280, 419, 526

0:1:44:494, 272, 418, 524

0:1:45:61, 270, 419, 526

0:1:45:111, 278, 417, 527

0:1:45:161, 283, 418, 528

0:1:45:211, 277, 417, 526

0:1:45:261, 278, 421, 525

0:1:45:311, 281, 413, 527

0:1:45:361, 276, 420, 523

0:1:45:411, 280, 416, 525

0:1:45:461, 287, 418, 524

0:1:45:778, 280, 418, 520

0:1:45:828, 285, 418, 525

0:1:45:894, 273, 420, 522

0:1:45:944, 273, 419, 523

0:1:45:994, 278, 418, 523

0:1:46:44, 280, 417, 524

0:1:46:95, 273, 419, 522

0:1:46:311, 277, 419, 526

0:1:46:378, 277, 420, 526

0:1:46:428, 277, 417, 521

0:1:46:478, 281, 419, 524

0:1:46:844, 282, 416, 519

0:1:46:894, 273, 418, 521

0:1:46:944, 279, 418, 527

0:1:46:994, 282, 421, 523

0:1:47:44, 281, 416, 518

0:1:47:94, 274, 418, 525

0:1:47:145, 278, 420, 521

0:1:47:211, 280, 421, 522

0:1:47:261, 286, 420, 523

0:1:47:311, 281, 419, 521

0:1:47:361, 275, 420, 524

0:1:47:411, 280, 425, 520

0:1:47:461, 296, 418, 522

0:1:47:511, 273, 419, 525

0:1:47:561, 292, 416, 524

0:1:47:611, 271, 420, 524

0:1:47:661, 267, 420, 521

0:1:47:712, 288, 419, 525

0:1:47:777, 280, 424, 526

0:1:47:827, 274, 419, 525

0:1:47:878, 282, 419, 523

0:1:47:928, 286, 419, 525

0:1:47:978, 272, 420, 521

0:1:48:29, 284, 422, 525

0:1:48:211, 269, 423, 523

0:1:48:261, 310, 428, 521

0:1:48:311, 285, 420, 526

0:1:48:361, 274, 419, 527

0:1:48:411, 273, 419, 518

0:1:48:461, 275, 418, 523

0:1:48:561, 270, 418, 523

0:1:48:611, 275, 418, 527

0:1:48:827, 284, 420, 522

0:1:48:877, 270, 420, 519

0:1:48:927, 277, 422, 519

0:1:48:977, 285, 420, 524

0:1:49:28, 268, 419, 521

0:1:49:94, 280, 423, 520

0:1:49:145, 288, 420, 525

0:1:49:195, 280, 420, 523

0:1:49:412, 286, 421, 526

0:1:49:478, 282, 420, 522

0:1:49:528, 277, 422, 520

0:1:49:578, 275, 423, 519

0:1:49:728, 280, 423, 516

0:1:49:994, 272, 426, 513

0:1:50:44, 298, 421, 513

0:1:50:94, 265, 424, 516

0:1:50:145, 285, 416, 512

0:1:50:195, 296, 411, 516

0:1:50:261, 258, 426, 512

0:1:50:311, 279, 422, 517

0:1:50:361, 276, 425, 508

0:1:50:412, 270, 421, 517

0:1:50:527, 273, 421, 512

0:1:50:577, 284, 420, 518

0:1:50:627, 277, 418, 512

0:1:50:677, 279, 419, 513

0:1:50:728, 272, 419, 514

0:1:50:778, 277, 423, 512

0:1:50:829, 278, 423, 513

0:1:50:879, 267, 422, 513

0:1:51:261, 275, 421, 514

0:1:51:312, 270, 419, 514

0:1:51:379, 288, 421, 518

0:1:51:495, 278, 421, 518

0:1:51:561, 283, 417, 512

0:1:51:661, 267, 422, 515

0:1:51:711, 286, 424, 523

0:1:52:77, 281, 420, 517

0:1:52:128, 276, 421, 513

0:1:52:178, 278, 423, 518

0:1:52:228, 281, 424, 512

0:1:52:278, 271, 418, 517

0:1:52:328, 284, 421, 519

0:1:52:378, 271, 422, 512

0:1:52:428, 268, 421, 514

0:1:52:478, 283, 418, 521

0:1:52:528, 280, 418, 525

0:1:52:578, 272, 425, 516

0:1:52:628, 282, 423, 501

0:1:52:678, 276, 423, 519

0:1:53:294, 275, 426, 512

0:1:53:344, 271, 423, 513

0:1:53:394, 278, 425, 520

0:1:53:444, 273, 423, 510

0:1:53:494, 272, 424, 516

0:1:53:545, 272, 421, 512

0:1:53:595, 276, 424, 514

0:1:53:645, 275, 422, 515

0:1:53:695, 279, 434, 511

0:1:54:211, 264, 422, 518

0:1:54:261, 280, 427, 512

0:1:54:311, 269, 423, 518

0:1:54:361, 282, 422, 512

0:1:54:411, 272, 424, 516

0:1:54:461, 269, 420, 514

0:1:54:511, 278, 424, 516

0:1:54:562, 278, 422, 514

0:1:54:628, 276, 423, 516

0:1:54:678, 273, 422, 514

0:1:54:728, 280, 424, 515

0:1:54:794, 270, 424, 514

0:1:54:845, 276, 422, 517

0:1:54:895, 271, 425, 512

0:1:54:945, 272, 423, 519

0:1:54:995, 278, 422, 516

0:1:55:45, 281, 423, 518

0:1:55:95, 274, 422, 514

0:1:55:145, 277, 423, 516

0:1:55:195, 272, 422, 514

0:1:55:245, 283, 422, 518

0:1:55:295, 278, 422, 514

0:1:55:345, 279, 423, 516

0:1:55:395, 272, 420, 516

0:1:55:445, 279, 423, 514

0:1:55:495, 278, 422, 518

0:1:55:545, 279, 422, 514

0:1:55:596, 278, 423, 517

0:1:55:661, 281, 422, 512

0:1:55:711, 281, 423, 515

0:1:55:761, 266, 424, 520

0:1:55:811, 278, 427, 508

0:1:55:861, 263, 415, 509

0:1:55:911, 298, 416, 532

0:1:55:961, 261, 447, 500

0:1:56:11, 268, 429, 519

0:1:56:62, 276, 428, 515

0:1:56:294, 254, 439, 525

0:1:56:345, 282, 434, 489

0:1:56:395, 270, 427, 524

0:1:56:445, 270, 432, 512

0:1:56:495, 280, 434, 510

0:1:56:545, 272, 407, 513

0:1:56:595, 295, 411, 522

0:1:56:645, 269, 427, 530

0:1:56:695, 260, 445, 492

0:1:56:745, 272, 425, 517

0:1:56:795, 275, 430, 517

0:1:57:311, 265, 429, 513

0:1:57:361, 280, 431, 512

0:1:57:411, 267, 427, 519

0:1:57:461, 283, 424, 511

0:1:57:511, 274, 413, 517

0:1:57:561, 283, 430, 524

0:1:57:611, 264, 428, 520

0:1:57:661, 294, 428, 504

0:1:57:712, 262, 417, 520

0:1:57:762, 295, 407, 517

0:1:57:912, 269, 428, 521

0:1:58:128, 291, 399, 542

0:1:58:178, 275, 418, 539

0:1:58:229, 288, 414, 528

0:1:58:295, 279, 403, 525

0:1:58:611, 286, 403, 538

0:1:58:711, 286, 405, 541

0:1:58:761, 288, 405, 540

0:1:58:811, 279, 403, 543

0:1:58:862, 298, 399, 539

0:1:59:295, 276, 415, 534

0:1:59:345, 278, 411, 538

0:1:59:395, 278, 407, 538

0:1:59:445, 291, 411, 532

0:1:59:495, 276, 411, 539

0:1:59:545, 292, 410, 531

0:1:59:595, 278, 405, 535

0:1:59:645, 297, 401, 526

0:1:59:695, 269, 415, 532

0:1:59:745, 271, 410, 540

0:1:59:846, 302, 411, 507

0:1:59:911, 274, 420, 520

0:1:59:961, 285, 406, 522

0:2:0:11, 282, 411, 513

0:2:0:61, 280, 409, 516

0:2:0:111, 275, 414, 515

0:2:0:161, 279, 411, 512

0:2:0:211, 279, 411, 511

0:2:0:261, 284, 407, 515

0:2:0:311, 279, 411, 513

0:2:0:361, 273, 413, 506

0:2:0:411, 306, 408, 508

0:2:0:461, 266, 412, 509

0:2:0:511, 286, 409, 513

0:2:0:562, 274, 413, 502

0:2:0:612, 289, 408, 511

0:2:0:662, 281, 413, 506

0:2:0:712, 276, 409, 510

0:2:0:762, 287, 412, 509

0:2:0:812, 277, 408, 507

0:2:0:862, 293, 408, 509

0:2:0:978, 290, 410, 512

0:2:1:28, 277, 409, 504

0:2:1:78, 277, 408, 510

0:2:1:128, 288, 409, 509

0:2:1:178, 276, 411, 506

0:2:1:228, 280, 408, 514

0:2:1:279, 281, 419, 509

0:2:1:329, 274, 404, 512

0:2:1:395, 289, 411, 507

0:2:1:446, 272, 411, 513

0:2:1:729, 275, 411, 508

0:2:1:779, 282, 409, 516

0:2:1:844, 283, 408, 515

0:2:1:894, 281, 410, 511

0:2:1:945, 271, 420, 504

0:2:1:995, 277, 410, 513

0:2:2:45, 282, 413, 509

0:2:2:95, 288, 403, 512

0:2:2:145, 283, 415, 506

0:2:2:195, 278, 408, 508

0:2:2:246, 275, 413, 507

0:2:2:296, 277, 412, 507

0:2:2:363, 271, 428, 507

0:2:2:678, 290, 399, 537

0:2:2:828, 288, 394, 540

0:2:2:878, 290, 399, 527

0:2:2:928, 284, 398, 533

0:2:2:978, 295, 397, 535

0:2:3:28, 286, 396, 523

0:2:3:79, 294, 399, 530

0:2:3:212, 289, 393, 529

0:2:3:262, 291, 398, 525

0:2:3:329, 298, 396, 536

0:2:3:379, 293, 393, 545

0:2:3:429, 294, 398, 542

0:2:3:479, 288, 392, 551

0:2:3:529, 296, 397, 536

0:2:3:579, 291, 396, 532

0:2:3:712, 288, 397, 534

0:2:3:762, 288, 400, 533

0:2:3:812, 287, 395, 532

0:2:3:862, 284, 396, 531

0:2:3:912, 291, 402, 529

0:2:3:963, 286, 395, 534

0:2:4:28, 290, 399, 526

0:2:4:78, 285, 400, 536

0:2:4:128, 295, 395, 534

0:2:4:178, 286, 398, 526

0:2:4:228, 298, 396, 534

0:2:4:278, 282, 400, 531

0:2:4:329, 291, 399, 533

0:2:4:395, 283, 400, 530

0:2:4:445, 294, 398, 536

0:2:4:496, 286, 399, 526

0:2:4:829, 293, 394, 532

0:2:4:895, 288, 398, 527

0:2:4:945, 290, 397, 533

0:2:4:995, 286, 398, 532

0:2:5:45, 289, 399, 532

0:2:5:95, 291, 397, 536

0:2:5:145, 290, 399, 530

0:2:5:196, 288, 398, 533

0:2:5:262, 290, 398, 531

0:2:5:312, 293, 398, 532

0:2:5:362, 284, 397, 535

0:2:5:413, 290, 399, 530

0:2:5:463, 289, 395, 530

0:2:5:778, 289, 396, 535

0:2:5:828, null
0:2:5:928, 286, 400, 535

0:2:5:978, 284, 401, 533

0:2:6:28, 291, 399, 529

0:2:6:78, 285, 401, 530

0:2:6:128, 292, 396, 531

0:2:6:179, 290, 400, 529

0:2:6:229, 280, 399, 530

0:2:6:279, 293, 400, 531

0:2:6:329, 285, 400, 529

0:2:6:379, 287, 400, 533

0:2:6:562, 287, 400, 531

0:2:6:613, 286, 400, 533

0:2:6:678, 287, 400, 529

0:2:6:729, 287, 402, 529

0:2:6:895, 288, 398, 531

0:2:6:945, 287, 399, 532

0:2:6:995, 288, 399, 529

0:2:7:45, 294, 399, 531

0:2:7:95, 284, 399, 530

0:2:7:145, 293, 398, 532

0:2:7:195, 286, 400, 531

0:2:7:245, 288, 399, 530

0:2:7:295, 288, 397, 533

0:2:7:345, 285, 400, 529

0:2:7:395, 294, 395, 531

0:2:7:445, 289, 400, 528

0:2:7:496, 290, 398, 529

0:2:7:912, 313, 377, 548

0:2:7:962, 291, 388, 547

0:2:8:12, 288, 393, 546

0:2:8:62, 309, 384, 546

0:2:8:112, 303, 386, 541

0:2:8:162, 280, 389, 550

0:2:8:212, 299, 404, 547

0:2:8:262, 302, 386, 551

0:2:8:312, 328, 388, 545

0:2:8:363, 239, 404, 572

0:2:8:495, 290, 368, 552

0:2:8:545, 319, 351, 589

0:2:8:595, 250, 393, 508

0:2:8:645, 287, 388, 473

0:2:8:695, 234, 426, 473

0:2:8:745, 281, 438, 480

0:2:8:795, 311, 458, 503

0:2:8:845, 318, 467, 518

0:2:8:895, 334, 499, 532

0:2:8:945, 305, 497, 615

0:2:8:996, 119, 405, 699

0:2:9:62, 372, 389, 593

0:2:9:112, 196, 468, 520

0:2:9:162, 250, 482, 534

0:2:9:212, 234, 459, 575

0:2:9:262, 380, 369, 612

0:2:9:312, 291, 444, 556

0:2:9:362, 269, 426, 565

0:2:9:412, 297, 410, 580

0:2:9:462, 312, 421, 570

0:2:9:512, 294, 406, 601

0:2:9:563, 302, 417, 585

0:2:9:628, 277, 421, 564

0:2:9:678, 313, 404, 589

0:2:9:728, 301, 414, 587

0:2:9:779, 281, 425, 574

0:2:9:961, 318, 385, 590

0:2:10:11, 281, 411, 582

0:2:10:62, 312, 403, 577

0:2:10:128, 304, 402, 578

0:2:10:179, 304, 401, 574

0:2:10:246, 301, 402, 585

0:2:11:12, 296, 393, 577

0:2:11:62, 299, 411, 579

0:2:11:112, 288, 409, 573

0:2:11:162, 300, 397, 557

0:2:11:212, 295, 409, 556

0:2:11:262, 282, 413, 567

0:2:11:312, 278, 414, 559

0:2:11:362, 301, 407, 547

0:2:11:412, 282, 411, 555

0:2:11:462, 305, 411, 549

0:2:11:745, 272, 422, 536

0:2:11:796, 288, 413, 530

0:2:11:846, 272, 425, 507

0:2:11:896, 287, 428, 493

0:2:11:946, 256, 432, 476

0:2:12:13, 284, 435, 474

0:2:12:129, 269, 451, 459

0:2:12:179, 274, 456, 469

0:2:12:229, 269, 447, 446

0:2:12:279, 281, 457, 439

0:2:12:329, 272, 429, 454

0:2:12:462, 300, 413, 444

0:2:12:512, 281, 457, 448

0:2:12:562, 267, 435, 459

0:2:12:612, 295, 426, 458

0:2:12:662, 281, 434, 445

0:2:12:712, 271, 434, 455

0:2:12:778, 279, 429, 461

0:2:12:828, 286, 424, 466

0:2:12:878, 267, 425, 462

0:2:12:928, 291, 433, 468

0:2:12:978, 283, 410, 472

0:2:13:28, 305, 415, 472

0:2:13:78, 280, 413, 489

0:2:13:128, 277, 424, 497

0:2:13:180, 282, 422, 488

0:2:13:246, 288, 418, 483

0:2:13:296, 274, 429, 495

0:2:13:346, 274, 415, 504

0:2:13:396, 295, 414, 498

0:2:13:879, 280, 390, 467

0:2:13:946, 331, 398, 470

0:2:14:112, 257, 451, 505

0:2:14:162, 279, 448, 501

0:2:14:212, 249, 452, 493

0:2:14:262, 265, 451, 498

0:2:14:312, 266, 445, 509

0:2:14:362, 268, 457, 509

0:2:14:412, 257, 460, 505

0:2:14:796, 252, 468, 494

0:2:14:847, 263, 452, 508

0:2:14:912, 294, 456, 478

0:2:14:962, 247, 431, 489

0:2:15:12, 295, 448, 464

0:2:15:62, 259, 451, 467

0:2:15:112, 289, 440, 476

0:2:15:162, 276, 448, 470

0:2:15:212, 261, 451, 475

0:2:15:262, 272, 450, 478

0:2:15:312, 273, 445, 465

0:2:15:362, 272, 448, 463

0:2:15:412, 274, 444, 470

0:2:15:462, 273, 438, 472

0:2:15:512, 275, 444, 470

0:2:15:562, 268, 444, 471

0:2:15:612, 271, 445, 468

0:2:15:678, 284, 444, 469

0:2:15:728, 273, 445, 470

0:2:15:778, 272, 439, 471

0:2:15:828, 271, 444, 473

0:2:15:878, 276, 444, 473

0:2:15:928, 268, 448, 470

0:2:15:978, 270, 449, 470

0:2:16:29, 269, 442, 477

0:2:16:79, 307, 425, 477

0:2:16:129, 268, 447, 466

0:2:16:179, 268, 449, 475

0:2:16:229, 272, 442, 485

0:2:16:279, 274, 437, 480

0:2:16:329, 283, 428, 474

0:2:16:379, 271, 438, 467

0:2:16:429, 277, 436, 476

0:2:16:479, 268, 443, 478

0:2:16:529, 275, 439, 475

0:2:16:579, 273, 443, 476

0:2:16:629, 271, 440, 476

0:2:16:679, 273, 437, 476

0:2:16:729, 274, 444, 476

0:2:16:779, 271, 438, 480

0:2:16:829, 273, 440, 475

0:2:16:879, 277, 438, 475

0:2:16:929, 269, 443, 474

0:2:16:995, 278, 439, 476

0:2:17:45, 274, 440, 475

0:2:17:95, 273, 439, 476

0:2:17:146, 274, 443, 473

0:2:17:212, 273, 438, 478

0:2:17:262, 272, 443, 475

0:2:17:312, 269, 440, 475

0:2:17:362, 265, 437, 476

0:2:17:412, 169, 477, 332

0:2:17:463, 22, 593, 241

0:2:17:696, 441, 350, 557

0:2:17:747, 411, 329, 525

0:2:17:812, 411, 279, 582

0:2:17:862, 390, 295, 618

0:2:17:913, 425, 302, 591

0:2:18:79, null
0:2:18:229, 89, 526, 742

0:2:18:279, 308, 442, 786

0:2:18:329, 567, 405, 794

0:2:18:380, 675, 420, 622

0:2:19:62, 134, 503, 598

0:2:19:112, 214, 501, 541

0:2:19:162, 193, 479, 549

0:2:19:212, 348, 407, 592

0:2:19:262, 416, 343, 603

0:2:19:362, 396, 336, 605

0:2:19:412, 325, 360, 611

0:2:19:629, 387, 465, 536

0:2:19:679, 395, 517, 513

0:2:19:729, 2, 383, 562

0:2:19:779, 336, 515, 445

0:2:19:845, 427, 337, 469

0:2:19:895, 220, 462, 361

0:2:19:945, 336, 430, 465

0:2:19:995, 252, 467, 446

0:2:20:45, 271, 440, 474

0:2:20:95, 282, 438, 464

0:2:20:145, 286, 437, 443

0:2:20:196, 289, 445, 446

0:2:20:246, 289, 424, 460

0:2:20:296, 288, 452, 438

0:2:20:346, 268, 459, 446

0:2:20:397, 275, 457, 459

0:2:20:464, 270, 457, 449

0:2:20:529, 287, 442, 447

0:2:20:896, 272, 464, 469

0:2:20:947, 267, 460, 463

0:2:21:12, 283, 457, 448

0:2:21:62, 273, 451, 448

0:2:21:112, 280, 440, 451

0:2:21:162, 287, 452, 438

0:2:21:212, 277, 455, 440

0:2:21:262, 274, 453, 453

0:2:21:312, 275, 465, 449

0:2:21:362, 271, 459, 455

0:2:21:413, 274, 462, 449

0:2:21:478, 280, 443, 452

0:2:21:528, 285, 454, 442

0:2:21:578, 279, 445, 442

0:2:21:629, 281, 445, 444

0:2:21:679, 282, 464, 443

0:2:21:729, 268, 463, 452

0:2:21:779, 271, 463, 453

0:2:21:829, 275, 447, 452

0:2:21:879, 284, 458, 446

0:2:21:929, 278, 449, 448

0:2:21:979, 281, 443, 447

0:2:22:29, 285, 451, 442

0:2:22:80, 282, 442, 449

0:2:22:212, 274, 457, 454

0:2:22:262, 276, 461, 447

0:2:22:312, 274, 447, 452

0:2:22:362, 288, 450, 447

0:2:22:462, 277, 443, 449

0:2:22:512, 287, 444, 444

0:2:22:629, 271, 456, 454

0:2:22:679, 273, 457, 449

0:2:22:729, 280, 455, 451

0:2:22:779, 278, 449, 447

0:2:22:829, 282, 440, 447

0:2:22:880, 291, 446, 447

0:2:22:945, 278, 455, 438

0:2:22:995, 278, 453, 448

0:2:23:46, 277, 458, 451

0:2:23:96, 271, 457, 450

0:2:23:146, 278, 459, 453

0:2:23:196, 279, 449, 447

0:2:23:247, 282, 445, 442

0:2:23:313, 284, 447, 444

0:2:23:429, 273, 455, 452

0:2:23:479, 278, 453, 451

0:2:23:746, 302, 453, 418

0:2:23:797, 212, 493, 350

0:2:23:847, 2, 616, 417

0:2:23:912, 112, 591, 560

0:2:23:963, 449, 585, 482

0:2:24:13, 569, 564, 531

0:2:24:430, 164, 291, 512

0:2:24:496, 275, 391, 459

0:2:24:596, 482, 514, 437

0:2:25:13, 334, 457, 517

0:2:25:79, 285, 397, 537

0:2:25:129, 160, 461, 454

0:2:25:179, 326, 421, 444

0:2:25:229, 381, 393, 431

0:2:25:279, 356, 406, 431

0:2:25:329, 303, 398, 412

0:2:25:379, 306, 438, 399

0:2:25:429, 320, 410, 393

0:2:25:479, 303, 436, 400

0:2:25:529, 298, 428, 406

0:2:25:579, 321, 418, 423

0:2:25:629, 300, 465, 387

0:2:25:679, 332, 379, 446

0:2:25:730, 263, 467, 394

0:2:25:780, 303, 431, 412

0:2:25:830, 314, 426, 413

0:2:25:881, 275, 442, 429

0:2:25:946, 296, 406, 457

0:2:25:996, 285, 430, 472

0:2:26:46, 293, 409, 482

0:2:26:96, 308, 411, 484

0:2:26:146, 250, 411, 484

0:2:26:197, 317, 397, 486

0:2:26:413, 295, 417, 523

0:2:26:479, 276, 410, 530

0:2:26:529, 256, 403, 593

0:2:26:579, 315, 485, 529

0:2:27:195, 289, 436, 499

0:2:27:246, 253, 441, 503

0:2:27:297, 275, 430, 509

0:2:27:363, 273, 427, 498

0:2:27:413, 268, 427, 505

0:2:27:464, 274, 434, 505

0:2:27:529, 272, 425, 507

0:2:27:579, 281, 433, 501

0:2:27:630, 274, 422, 512

0:2:27:680, 276, 437, 502

0:2:28:212, 268, 428, 510

0:2:28:262, 282, 427, 513

0:2:28:312, 271, 431, 512

0:2:28:362, 265, 429, 514

0:2:28:412, 270, 433, 515

0:2:28:462, 258, 435, 508

0:2:28:512, 306, 408, 538

0:2:28:562, 277, 420, 531

0:2:28:612, 271, 426, 519

0:2:28:713, 271, 424, 526

0:2:29:379, 278, 424, 525

0:2:29:430, 276, 418, 533

0:2:29:496, 289, 419, 534

0:2:29:546, 277, 422, 533

0:2:29:596, 274, 421, 528

0:2:29:647, 280, 424, 530

0:2:29:712, 273, 419, 529

0:2:29:763, 285, 423, 527

0:2:30:446, 277, 426, 524

0:2:30:496, 270, 429, 517

0:2:30:546, 279, 424, 523

0:2:30:596, 263, 433, 506

0:2:30:646, 281, 423, 511

0:2:30:696, 270, 427, 518

0:2:30:846, 271, 429, 531

0:2:30:962, 264, 429, 514

0:2:31:12, 289, 423, 537

0:2:31:62, 269, 429, 527

0:2:31:113, 281, 422, 525

0:2:31:179, 275, 426, 525

0:2:31:229, 280, 425, 527

0:2:31:279, 272, 426, 523

0:2:31:329, 277, 426, 530

0:2:31:379, 274, 428, 532

0:2:31:430, 273, 428, 529

0:2:31:480, 273, 427, 526

0:2:31:530, 270, 429, 511

0:2:31:580, 276, 424, 516

0:2:31:630, 272, 424, 528

0:2:31:680, 270, 431, 528

0:2:31:730, 277, 412, 543

0:2:31:797, 306, 413, 543

0:2:32:429, 281, 413, 510

0:2:32:479, 269, 448, 526

0:2:32:529, 254, 431, 551

0:2:32:579, 273, 439, 508

0:2:32:629, 293, 412, 519

0:2:32:679, 282, 423, 525

0:2:32:780, 266, 439, 547

0:2:32:847, 280, 428, 537

0:2:32:914, 281, 428, 539

0:2:33:96, 276, 427, 538

0:2:33:146, 284, 432, 533

0:2:33:196, 260, 432, 522

0:2:33:246, 275, 430, 522

0:2:33:296, 270, 430, 524

0:2:33:346, 280, 429, 527

0:2:33:396, 266, 433, 531

0:2:33:446, 269, 432, 541

0:2:33:496, 279, 432, 532

0:2:33:546, 265, 435, 509

0:2:33:596, 275, 432, 514

0:2:33:646, 266, 437, 514

0:2:33:696, 273, 428, 524

0:2:33:747, 276, 431, 529

0:2:33:813, 263, 436, 537

0:2:33:879, 275, 428, 531

0:2:33:929, 274, 437, 517

0:2:33:979, 269, 419, 529

0:2:34:29, 285, 434, 504

0:2:34:79, 265, 433, 538

0:2:34:129, 278, 437, 548

0:2:34:179, 271, 436, 517

0:2:34:229, 279, 430, 513

0:2:34:280, 267, 425, 518

0:2:34:330, 276, 442, 533

0:2:34:380, 257, 447, 551

0:2:34:430, 288, 422, 563

0:2:34:481, 275, 444, 528

0:2:34:646, 309, 430, 531

0:2:34:696, null
0:2:34:746, 284, 439, 588

0:2:34:796, 277, 438, 574

0:2:34:846, 279, 428, 559

0:2:34:897, 285, 415, 547

0:2:35:329, 266, 438, 576

0:2:35:380, 295, 425, 547

0:2:35:446, 267, 429, 575

0:2:35:496, 312, 385, 614

0:2:35:546, 359, 356, 617

0:2:35:596, 286, 405, 538

0:2:35:647, 303, 428, 486

0:2:35:698, 315, 416, 452

0:2:35:763, 315, 385, 477

0:2:35:813, 266, 418, 491

0:2:35:863, 262, 402, 501

0:2:35:913, 338, 401, 485

0:2:35:964, 262, 444, 456

0:2:36:146, 259, 479, 436

0:2:36:196, 290, 469, 409

0:2:36:246, 290, 491, 423

0:2:36:296, 265, 479, 435

0:2:36:346, 299, 473, 420

0:2:36:396, 282, 487, 424

0:2:36:446, 280, 478, 418

0:2:36:496, 295, 481, 406

0:2:36:546, 284, 484, 421

0:2:36:596, 296, 476, 416

0:2:36:647, 305, 468, 399

0:2:36:713, 295, 504, 412

0:2:36:779, 280, 497, 408

0:2:36:829, 294, 474, 421

0:2:36:879, 285, 469, 441

0:2:36:930, 287, 487, 409

0:2:37:364, 285, 476, 392

0:2:37:430, 331, 480, 393

0:2:37:480, 301, 500, 354

0:2:37:530, 314, 481, 385

0:2:37:580, 325, 489, 383

0:2:37:630, 309, 474, 385

0:2:37:680, 316, 479, 385

0:2:37:730, 285, 504, 398

0:2:37:780, 296, 488, 450

0:2:37:846, 307, 447, 439

0:2:37:896, 280, 468, 383

0:2:37:946, 320, 443, 396

0:2:37:996, 295, 479, 413

0:2:38:46, 273, 512, 430

0:2:38:96, 262, 481, 451

0:2:38:146, 287, 499, 415

0:2:38:196, 280, 488, 430

0:2:38:246, 265, 491, 464

0:2:38:296, 272, 479, 455

0:2:38:346, 280, 489, 429

0:2:38:396, 271, 489, 443

0:2:38:446, 261, 501, 467

0:2:38:497, 261, 504, 486

0:2:38:547, 264, 492, 472

0:2:38:597, 273, 471, 449

0:2:38:647, 277, 489, 456

0:2:38:713, 264, 483, 460

0:2:38:763, 271, 486, 451

0:2:38:863, 263, 510, 452

0:2:38:913, 268, 490, 463

0:2:38:963, 277, 483, 444

0:2:39:13, 281, 487, 408

0:2:39:63, 283, 493, 447

0:2:39:113, 275, 487, 422

0:2:39:163, 302, 465, 412

0:2:39:213, 289, 498, 409

0:2:39:263, 278, 485, 435

0:2:39:313, 301, 472, 425

0:2:39:363, 293, 473, 402

0:2:39:413, 296, 478, 412

0:2:39:463, 308, 470, 403

0:2:39:514, 287, 482, 405

0:2:39:746, 296, 492, 381

0:2:39:796, 303, 484, 391

0:2:39:846, 311, 501, 399

0:2:39:897, 294, 491, 373

0:2:39:997, 301, 470, 402

0:2:40:263, 159, 542, 633

0:2:40:313, 278, 466, 679

0:2:40:363, 352, 437, 627

0:2:40:413, 328, 419, 598

0:2:40:463, 289, 400, 601

0:2:40:513, 250, 399, 604

0:2:40:563, 293, 400, 586

0:2:40:613, 225, 417, 599

0:2:40:663, 284, 405, 551

0:2:40:714, 320, 398, 518

0:2:40:779, 312, 372, 531

0:2:40:829, 396, 356, 510

0:2:40:879, 461, 353, 507

0:2:40:929, 489, 327, 522

0:2:40:979, 391, 331, 562

0:2:41:29, 413, 308, 602

0:2:41:80, 457, 311, 588

0:2:41:146, 424, 314, 629

0:2:41:196, 461, 297, 618

0:2:41:246, 452, 294, 593

0:2:41:296, 452, 291, 577

0:2:41:348, 419, 305, 572

0:2:41:398, 471, 298, 562

0:2:41:813, 491, 281, 605

0:2:41:863, 600, 294, 553

0:2:41:963, 603, 409, 338

0:2:42:13, 428, 461, 501

0:2:42:64, 287, 349, 870

0:2:42:130, 418, 258, 808

0:2:42:246, 475, 236, 831

0:2:42:296, 415, 380, 747

0:2:42:346, 379, 555, 531

0:2:42:396, 399, 588, 354

0:2:42:446, 410, 554, 247

0:2:42:496, 406, 491, 242

0:2:42:546, 440, 375, 347

0:2:42:596, 470, 312, 390

0:2:42:647, 510, 311, 397

0:2:42:713, 529, 313, 383

0:2:42:764, 547, 332, 391

0:2:42:830, 561, 347, 378

0:2:42:930, 590, 385, 312

0:2:42:980, 581, 428, 258

0:2:43:30, 542, 456, 295

0:2:43:80, 416, 542, 406

0:2:43:130, 369, 442, 710

0:2:43:180, 424, 329, 829

0:2:43:230, 423, 328, 773

0:2:43:281, 513, 258, 784

0:2:43:763, 467, 286, 621

0:2:43:813, 462, 319, 598

0:2:43:864, 503, 315, 595

0:2:43:929, 489, 318, 541

0:2:43:979, 384, 357, 458

0:2:44:29, 322, 392, 504

0:2:44:79, 340, 347, 699

0:2:44:130, 450, 361, 776

0:2:44:180, 561, 326, 856

0:2:44:230, 648, 345, 869

0:2:44:280, 648, 355, 818

0:2:44:331, 594, 407, 676

0:2:44:397, 538, 433, 571

0:2:44:447, 520, 472, 495

0:2:44:497, 515, 494, 446

0:2:44:547, 504, 529, 446

0:2:44:597, 327, 687, 302

0:2:44:647, 135, 758, 321

0:2:44:697, 48, 801, 238

0:2:44:913, 203, 621, 698

0:2:44:963, 292, 543, 813

0:2:45:13, 327, 538, 828

0:2:45:63, 418, 466, 815

0:2:45:114, 443, 476, 706

0:2:45:296, 35, 671, 528

0:2:45:346, 256, 589, 370

0:2:45:396, 353, 605, 323

0:2:45:446, 261, 493, 514

0:2:45:496, 277, 389, 608

0:2:45:548, 272, 470, 527

0:2:45:598, 268, 457, 473

0:2:45:665, 290, 438, 473

0:2:45:948, 289, 450, 545

0:2:46:14, 259, 451, 536

0:2:46:80, 261, 491, 524

0:2:46:130, 269, 459, 574

0:2:46:180, 248, 477, 512

0:2:46:230, 274, 476, 534

0:2:46:280, 257, 463, 554

0:2:46:330, 262, 477, 545

0:2:46:380, 242, 483, 531

0:2:46:430, 268, 467, 529

0:2:46:480, 266, 464, 531

0:2:46:530, 259, 472, 520

0:2:46:581, 263, 464, 519

0:2:46:896, 261, 471, 528

0:2:46:947, 266, 452, 529

0:2:47:47, 256, 475, 530

0:2:47:97, 268, 469, 536

0:2:47:148, 261, 472, 526

0:2:47:214, 262, 480, 514

0:2:47:280, 258, 483, 529

0:2:47:330, 259, 482, 535

0:2:47:380, 258, 483, 532

0:2:47:431, 263, 475, 527

0:2:47:496, 266, 469, 527

0:2:47:547, 261, 478, 528

0:2:47:597, 263, 477, 522

0:2:47:647, 258, 484, 529

0:2:47:913, null
0:2:48:13, 257, 484, 542

0:2:48:63, 265, 473, 517

0:2:48:113, 271, 464, 496

0:2:48:163, 258, 479, 512

0:2:48:213, 252, 489, 533

0:2:48:263, 257, 480, 527

0:2:48:314, 278, 449, 514

0:2:48:364, 265, 465, 502

0:2:48:414, 251, 486, 519

0:2:48:464, 257, 480, 525

0:2:48:514, 262, 468, 518

0:2:48:564, 272, 455, 515

0:2:48:614, 269, 456, 510

0:2:48:664, 261, 477, 511

0:2:48:714, 255, 481, 521

0:2:48:764, 262, 472, 515

0:2:48:897, 259, 475, 517

0:2:48:964, 259, 477, 518

0:2:49:14, 262, 468, 517

0:2:49:80, 265, 465, 514

0:2:49:130, 262, 468, 517

0:2:49:180, 263, 467, 517

0:2:49:230, 261, 471, 517

0:2:49:280, 262, 470, 515

0:2:49:331, 262, 472, 516

0:2:49:381, 262, 469, 519

0:2:49:563, 263, 467, 515

0:2:49:613, 261, 475, 516

0:2:49:663, 260, 472, 520

0:2:49:714, 262, 475, 518

0:2:49:764, 263, 470, 517

0:2:49:814, 267, 461, 519

0:2:49:864, 264, 472, 510

0:2:49:914, 256, 480, 520

0:2:49:964, 257, 481, 528

0:2:50:14, 262, 476, 526

0:2:50:64, 263, 468, 524

0:2:50:114, 264, 473, 520

0:2:50:164, 260, 475, 521

0:2:50:214, 263, 475, 517

0:2:50:280, 260, 477, 525

0:2:50:331, 259, 478, 523

0:2:50:397, 261, 476, 521

0:2:50:447, 264, 472, 521

0:2:50:497, 261, 475, 526

0:2:50:547, 263, 472, 516

0:2:50:597, 258, 485, 525

0:2:50:647, 260, 481, 530

0:2:50:697, 263, 471, 522

0:2:51:13, 259, 474, 532

0:2:51:164, 258, 477, 510

0:2:51:214, 257, 480, 526

0:2:51:265, 257, 482, 522

0:2:51:330, 265, 460, 520

0:2:52:130, 254, 493, 478

0:2:52:297, 262, 474, 507

0:2:52:363, 262, 477, 513

0:2:52:413, 262, 472, 516

0:2:52:463, 269, 459, 513

0:2:52:513, 252, 481, 505

0:2:52:564, 203, 483, 527

0:2:52:614, 78, 494, 514

0:2:52:664, 161, 437, 516

0:2:52:714, 104, 401, 566

0:2:52:764, 181, 399, 633

0:2:52:814, 331, 388, 632

0:2:52:864, 337, 395, 650

0:2:52:914, 446, 385, 662

0:2:52:964, 468, 395, 566

0:2:53:14, 430, 377, 515

0:2:53:64, 414, 366, 529

0:2:53:131, 468, 372, 522

0:2:53:263, 653, 323, 552

0:2:53:313, 651, 334, 518

0:2:54:180, 584, 296, 475

0:2:54:231, 592, 296, 478

0:2:54:297, 599, 303, 479

0:2:54:347, 587, 321, 455

0:2:54:397, 593, 326, 451

0:2:54:447, 597, 318, 472

0:2:54:497, 600, 314, 462

0:2:54:547, 569, 336, 446

0:2:54:597, 592, 337, 442

0:2:54:647, 626, 347, 433

0:2:54:697, 562, 329, 493

0:2:54:747, 575, 345, 485

0:2:54:797, 529, 442, 425

0:2:54:847, 501, 644, 393

0:2:54:897, 375, 692, 836

0:2:54:947, 435, 672, 928

0:2:54:997, 320, 588, 977

0:2:55:47, 410, 532, 860

0:2:55:97, 446, 541, 787

0:2:55:163, 452, 529, 818

0:2:55:213, 492, 541, 779

0:2:55:263, 530, 514, 728

0:2:55:314, 497, 531, 692

0:2:55:364, 486, 520, 666

0:2:55:414, 498, 543, 600

0:2:55:464, 418, 557, 557

0:2:55:514, 334, 574, 554

0:2:55:564, 390, 581, 532

0:2:55:614, 390, 628, 562

0:2:55:664, 1, 674, 965

0:2:55:714, 344, 620, 489

0:2:55:764, 365, 539, 410

0:2:55:815, 309, 429, 569

0:2:55:880, 288, 539, 522

0:2:55:930, 272, 469, 629

0:2:55:980, 270, 485, 539

0:2:56:30, 246, 495, 522

0:2:56:80, 196, 510, 568

0:2:56:130, 17, 598, 559

0:2:56:181, 131, 547, 540

0:2:56:247, 75, 524, 611

0:2:56:297, 188, 499, 578

0:2:56:347, 380, 453, 550

0:2:56:397, 402, 438, 565

0:2:56:447, 430, 457, 499

0:2:56:497, 499, 423, 490

0:2:56:980, 24, 545, 225

0:2:57:30, 26, 463, 230

0:2:57:81, 115, 414, 486

0:2:57:147, 383, 317, 741

0:2:57:197, 562, 322, 736

0:2:57:247, 583, 371, 634

0:2:57:298, 606, 435, 552

0:2:57:365, 622, 432, 527

0:2:57:430, 554, 573, 464

0:2:57:647, 1, 543, 796

0:2:57:697, 590, 287, 459

0:2:57:748, 454, 548, 452

0:2:57:813, 179, 534, 446

0:2:57:863, 228, 438, 522

0:2:57:914, 309, 530, 492

0:2:58:231, 262, 482, 476

0:2:58:381, 273, 492, 466

0:2:58:431, 257, 478, 470

0:2:58:481, 264, 494, 476

0:2:58:532, 260, 500, 457

0:2:58:582, 283, 494, 443

0:2:58:764, 270, 482, 456

0:2:58:814, 273, 493, 441

0:2:58:864, 258, 481, 454

0:2:58:914, 280, 493, 432

0:2:58:964, 281, 466, 433

0:2:59:14, 277, 480, 452

0:2:59:64, 275, 456, 446

0:2:59:115, 283, 468, 443

0:2:59:180, 271, 481, 464

0:2:59:231, 286, 450, 448

0:2:59:347, 277, 463, 462

0:2:59:397, 263, 466, 461

0:2:59:448, 271, 464, 471

0:2:59:513, 272, 465, 472

0:3:0:380, 880, 367, 502

0:3:0:480, 750, 493, 511

0:3:0:531, 565, 520, 561

0:3:0:597, 226, 481, 581

0:3:0:647, 115, 317, 825

0:3:0:697, 210, 249, 760

0:3:0:747, 361, 303, 593

0:3:0:797, 388, 358, 558

0:3:0:848, 360, 389, 601

0:3:0:913, 371, 379, 652

0:3:0:963, 383, 373, 668

0:3:1:14, 469, 303, 748

0:3:1:64, 399, 261, 783

0:3:1:115, 505, 199, 794

0:3:1:331, 634, 450, 483

0:3:1:481, 585, 473, 417

0:3:1:531, 485, 479, 419

0:3:1:647, 411, 305, 544

0:3:1:764, 587, 373, 428

0:3:1:814, 564, 399, 466

0:3:1:864, 387, 462, 508

0:3:1:914, 398, 415, 712

0:3:1:980, 268, 426, 754

0:3:2:30, 373, 456, 669

0:3:2:82, 0, 323, 957

0:3:2:313, 338, 458, 597

0:3:2:363, 301, 404, 629

0:3:2:414, 315, 446, 618

0:3:2:464, 314, 432, 632

0:3:2:514, 327, 434, 627

0:3:2:615, 308, 435, 616

0:3:2:682, 319, 434, 627

0:3:2:748, 316, 436, 623

0:3:3:180, 321, 438, 631

0:3:3:231, 314, 441, 620

0:3:3:297, 322, 432, 630

0:3:3:348, 326, 432, 634

0:3:3:464, 320, 433, 618

0:3:3:514, 314, 428, 632

0:3:3:564, 313, 437, 639

0:3:3:614, 325, 447, 630

0:3:3:665, 329, 444, 627

0:3:3:948, 314, 437, 630

0:3:3:998, 314, 437, 627

0:3:4:48, 314, 440, 630

0:3:4:98, 322, 437, 632

0:3:4:148, 311, 437, 622

0:3:4:198, 312, 438, 615

0:3:4:264, 314, 438, 622

0:3:4:314, 318, 439, 623

0:3:4:365, 316, 436, 637

0:3:4:431, 323, 446, 644

0:3:4:548, 307, 443, 612

0:3:4:614, 322, 438, 632

0:3:4:664, 312, 442, 633

0:3:4:714, 320, 439, 627

0:3:4:764, 318, 440, 625

0:3:4:814, 301, 438, 619

0:3:4:864, 315, 440, 624

0:3:4:915, 326, 440, 644

0:3:4:980, 327, 441, 647

0:3:5:31, 320, 437, 620

0:3:5:314, 312, 439, 615

0:3:5:364, 314, 429, 622

0:3:5:414, 280, 413, 678

0:3:5:464, 337, 456, 596

0:3:5:514, 321, 444, 631

0:3:5:564, 321, 445, 649

0:3:5:614, 316, 436, 671

0:3:6:380, 461, 325, 591

0:3:6:430, 439, 298, 672

0:3:6:480, 411, 315, 597

0:3:6:530, 444, 331, 528

0:3:6:580, 461, 343, 467

0:3:6:631, 426, 331, 503

0:3:6:681, 459, 333, 473

0:3:6:732, 484, 337, 465

0:3:6:848, 442, 383, 436

0:3:6:898, 382, 390, 416

0:3:6:948, 213, 464, 349

0:3:6:999, 27, 422, 525

0:3:7:64, 4, 561, 472

0:3:7:114, 7, 723, 618

0:3:7:164, 148, 841, 854

0:3:7:215, 341, 783, 934

0:3:7:397, 719, 540, 829

0:3:7:447, 759, 540, 755

0:3:7:497, 671, 542, 703

0:3:7:548, 661, 512, 745

0:3:7:598, 576, 512, 749

0:3:7:664, 542, 554, 694

0:3:7:714, 485, 608, 709

0:3:7:765, 358, 665, 712

0:3:7:815, 289, 681, 638

0:3:7:881, 234, 663, 682

0:3:7:931, 89, 694, 575

0:3:7:981, 175, 692, 502

0:3:8:31, 244, 686, 530

0:3:8:81, 11, 533, 527

0:3:8:131, 182, 582, 560

0:3:8:182, 397, 501, 549

0:3:8:548, 319, 444, 635

0:3:8:714, 326, 445, 640

0:3:8:864, 336, 444, 656

0:3:9:665, 531, 317, 542

0:3:9:715, 519, 336, 541

0:3:9:831, 439, 271, 644

0:3:9:982, 434, 305, 627

0:3:10:98, 542, 329, 555

0:3:10:148, 610, 388, 543

0:3:10:199, 782, 260, 802

0:3:10:264, 567, 344, 714

0:3:10:314, 6, 558, 181

0:3:10:364, 71, 460, 234

0:3:10:414, 463, 451, 777

0:3:10:464, 766, 356, 992

0:3:10:514, 847, 347, 906

0:3:10:564, 648, 471, 698

0:3:10:615, 557, 497, 624

0:3:10:681, 568, 543, 565

0:3:10:747, 4, 996, 350

0:3:10:797, 112, 618, 518

0:3:10:848, 200, 591, 477

0:3:10:965, 0, 318, 964

0:3:11:15, 490, 357, 498

0:3:11:65, 288, 544, 450

0:3:11:115, 193, 479, 510

0:3:11:181, 248, 461, 549

0:3:11:231, 309, 488, 538

0:3:11:281, 242, 457, 542

0:3:11:331, 272, 462, 531

0:3:11:381, 128, 519, 483

0:3:11:431, 19, 520, 492

0:3:11:482, 55, 476, 568

0:3:11:665, 523, 411, 800

0:3:11:731, 328, 389, 881

0:3:11:781, 412, 356, 764

0:3:11:831, 471, 354, 660

0:3:11:881, 497, 372, 625

0:3:11:931, 544, 377, 642

0:3:11:981, 525, 389, 590

0:3:12:31, 565, 361, 630

0:3:12:81, 525, 391, 625

0:3:12:131, 594, 385, 588

0:3:12:197, 581, 390, 628

0:3:12:248, 630, 370, 668

0:3:12:298, 703, 389, 657

0:3:12:349, 717, 366, 674

0:3:12:731, 575, 369, 785

0:3:12:781, 630, 415, 837

0:3:12:831, 794, 439, 961

0:3:12:931, 660, 482, 695

0:3:12:981, 544, 524, 615

0:3:13:297, 138, 569, 911

0:3:13:348, 431, 503, 878

0:3:13:414, 622, 455, 799

0:3:13:465, 652, 399, 788

0:3:13:748, 291, 427, 595

0:3:13:799, 308, 483, 513

0:3:13:866, 211, 468, 512

0:3:13:931, 293, 462, 523

0:3:13:981, 244, 471, 518

0:3:14:31, 271, 467, 513

0:3:14:81, 263, 459, 518

0:3:14:131, 261, 462, 520

0:3:14:181, 270, 459, 521

0:3:14:231, 267, 460, 515

0:3:14:281, 260, 467, 519

0:3:14:331, 263, 461, 522

0:3:14:381, 272, 454, 518

0:3:14:431, 266, 459, 517

0:3:14:481, 264, 466, 519

0:3:14:532, 261, 468, 517

0:3:14:664, 265, 457, 523

0:3:14:715, 263, 465, 513

0:3:14:781, 259, 471, 517

0:3:14:832, 261, 468, 523

0:3:14:897, 262, 458, 526

0:3:14:947, 269, 452, 521

0:3:14:997, 267, 452, 513

0:3:15:48, 267, 464, 515

0:3:15:98, 256, 465, 521

0:3:15:148, 266, 464, 518

0:3:15:198, 262, 460, 520

0:3:15:248, 264, 466, 515

0:3:15:298, 265, 460, 517

0:3:15:348, 263, 460, 509

0:3:15:398, 264, 463, 516

0:3:15:448, 260, 463, 517

0:3:15:498, 263, 466, 518

0:3:15:548, 266, 457, 515

0:3:15:598, 265, 459, 512

0:3:15:648, 259, 466, 515

0:3:15:699, 263, 464, 518

0:3:15:764, 266, 461, 516

0:3:15:814, 261, 466, 512

0:3:15:914, 261, 462, 519

0:3:15:964, 267, 462, 511

0:3:16:14, 264, 461, 519

0:3:16:64, 261, 468, 519

0:3:16:114, 265, 464, 514

0:3:16:164, 263, 462, 515

0:3:16:214, 265, 468, 521

0:3:16:265, 260, 465, 514

0:3:16:448, 263, 473, 515

0:3:16:498, 256, 468, 521

0:3:16:548, 266, 458, 520

0:3:16:598, 272, 455, 515

0:3:16:648, 262, 467, 509

0:3:16:698, 260, 468, 517

0:3:16:748, 260, 471, 522

0:3:16:798, 261, 463, 518

0:3:16:848, 272, 456, 512

0:3:16:899, 259, 469, 507

0:3:16:965, 258, 479, 518

0:3:17:15, 263, 468, 520

0:3:17:65, 260, 471, 509

0:3:17:131, 261, 467, 517

0:3:17:181, 262, 472, 512

0:3:17:231, 260, 474, 510

0:3:17:281, 261, 474, 513

0:3:17:331, 258, 476, 515

0:3:17:381, 262, 474, 514

0:3:17:431, 264, 471, 515

0:3:17:481, 264, 466, 511

0:3:17:531, 261, 475, 516

0:3:17:581, 255, 478, 515

0:3:17:631, 262, 476, 515

0:3:17:681, 260, 468, 515

0:3:17:731, 265, 470, 518

0:3:17:781, 261, 467, 513

0:3:17:831, 263, 472, 504

0:3:17:882, 261, 474, 515

0:3:17:933, 260, 471, 516

0:3:17:998, 262, 473, 508

0:3:18:48, 258, 475, 516

0:3:18:98, 262, 467, 518

0:3:18:148, 268, 461, 503

0:3:18:198, 261, 473, 500

0:3:18:248, 256, 480, 516

0:3:18:298, 261, 469, 512

0:3:18:348, 261, 469, 505

0:3:18:399, 263, 470, 514

0:3:18:582, 265, 467, 509

0:3:18:648, 265, 464, 497

0:3:18:698, 262, 470, 508

0:3:18:748, 261, 470, 510

0:3:18:798, 262, 468, 506

0:3:18:848, 263, 466, 508

0:3:18:898, 263, 465, 506

0:3:19:14, 264, 467, 510

0:3:19:64, 263, 468, 508

0:3:19:114, 260, 470, 512

0:3:19:164, 260, 472, 511

0:3:19:214, 260, 470, 513

0:3:19:265, 260, 470, 514

0:3:19:315, 263, 468, 510

0:3:19:365, 270, 460, 507

0:3:19:415, 264, 462, 510

0:3:19:465, 259, 473, 517

0:3:19:515, 261, 470, 513

0:3:19:565, 263, 467, 509

0:3:19:615, 264, 466, 514

0:3:19:665, 258, 473, 515

0:3:19:715, 260, 472, 516

0:3:19:765, 262, 469, 511

0:3:19:815, 261, 473, 515

0:3:19:865, 261, 473, 514

0:3:19:915, 263, 469, 511

0:3:19:965, 262, 469, 511

0:3:20:31, 262, 471, 513

0:3:20:82, 262, 469, 514

0:3:20:148, 261, 470, 512

0:3:20:464, 261, 470, 514

0:3:20:514, 260, 469, 511

0:3:20:564, 266, 458, 516

0:3:20:615, 257, 472, 504

0:3:20:665, 267, 478, 505

0:3:20:716, 271, 457, 491

0:3:20:782, 258, 475, 509

0:3:20:832, 251, 484, 535

0:3:20:882, 260, 465, 520

0:3:21:15, 253, 487, 520

0:3:21:65, 255, 486, 518

0:3:21:115, 260, 473, 519

0:3:21:165, 264, 467, 513

0:3:21:581, 262, 468, 517

0:3:21:631, 260, 473, 520

0:3:21:681, 260, 475, 520

0:3:21:731, 266, 465, 521

0:3:21:782, 267, 465, 507

0:3:21:848, 261, 475, 511

0:3:21:898, 253, 479, 551

0:3:21:948, 263, 469, 526

0:3:22:82, 258, 478, 522

0:3:22:132, 260, 474, 513

0:3:22:182, 258, 471, 525

0:3:22:282, 300, 471, 513

0:3:22:448, 243, 471, 514

0:3:22:498, 270, 479, 500

0:3:22:548, 255, 458, 513

0:3:22:598, 272, 464, 511

0:3:22:648, 260, 476, 511

0:3:22:698, 249, 490, 520

0:3:22:748, 259, 481, 527

0:3:22:799, 271, 447, 512

0:3:22:865, 263, 480, 487

0:3:22:915, 251, 484, 527

0:3:22:965, 260, 473, 524

0:3:23:16, 264, 471, 519

0:3:23:81, 277, 448, 519

0:3:23:131, 263, 463, 503

0:3:23:182, 254, 483, 518

0:3:23:248, 238, 470, 482

0:3:23:465, 186, 436, 548

0:3:23:515, 326, 460, 581

0:3:23:565, 480, 443, 568

0:3:23:615, 634, 432, 570

0:3:23:665, 678, 387, 621

0:3:23:715, 628, 380, 613

0:3:23:765, 117, 427, 399

0:3:23:815, 9, 449, 386

0:3:23:865, 502, 345, 573

0:3:23:915, 750, 305, 550

0:3:23:965, 301, 444, 417

0:3:24:15, 4, 452, 436

0:3:24:65, 328, 359, 549

0:3:24:115, 547, 330, 589

0:3:24:165, 648, 298, 612

0:3:24:215, 44, 442, 491

0:3:24:265, 18, 442, 317

0:3:24:381, 722, 327, 619

0:3:24:432, 676, 358, 567

0:3:24:499, 37, 503, 295

0:3:24:549, 14, 461, 319

0:3:24:681, 491, 384, 389

0:3:24:731, 2, 575, 266

0:3:24:781, 451, 358, 582

0:3:24:831, 731, 295, 626

0:3:24:882, 719, 365, 502

0:3:24:932, 2, 762, 265

0:3:24:982, 337, 420, 477

0:3:25:32, 850, 208, 678

0:3:25:82, 690, 329, 583

0:3:25:132, 5, 697, 412

0:3:25:182, 180, 550, 265

0:3:25:232, 582, 311, 620

0:3:25:282, 520, 361, 591

0:3:25:482, 1, 422, 286

0:3:25:648, 19, 456, 500

0:3:25:698, 477, 434, 426

0:3:25:748, 238, 495, 403

0:3:25:798, 305, 463, 430

0:3:25:848, 275, 489, 402

0:3:25:898, 270, 466, 431

0:3:25:948, 275, 495, 427

0:3:25:999, 295, 453, 485

0:3:26:65, 244, 471, 441

0:3:26:199, 362, 469, 603

0:3:26:264, 282, 394, 660

0:3:26:316, 223, 486, 500

0:3:26:366, 321, 482, 494

0:3:26:432, 243, 444, 470

0:3:26:482, 307, 486, 414

0:3:26:532, 244, 472, 504

0:3:26:582, 277, 449, 574

0:3:26:632, 255, 442, 527

0:3:26:682, 275, 443, 493

0:3:26:865, 275, 453, 470

0:3:26:915, 256, 446, 493

0:3:26:966, 277, 430, 524

0:3:27:16, 161, 349, 541

0:3:27:81, 328, 446, 495

0:3:27:131, 243, 393, 508

0:3:27:181, 316, 438, 495

0:3:27:231, 246, 417, 498

0:3:27:282, 295, 417, 503

0:3:27:348, 258, 441, 503

0:3:27:398, 267, 425, 523

0:3:27:449, 278, 428, 490

0:3:27:499, 311, 428, 472

0:3:27:631, 274, 400, 518

0:3:27:681, 259, 437, 482

0:3:27:733, 277, 434, 477

0:3:27:799, 272, 432, 504

0:3:27:849, 281, 407, 495

0:3:27:899, 279, 416, 471

0:3:27:949, 294, 412, 477

0:3:27:999, 277, 391, 518

0:3:28:49, 298, 401, 537

0:3:28:99, 275, 423, 515

0:3:28:215, 280, 426, 491

0:3:28:265, 292, 410, 501

0:3:28:315, 281, 419, 487

0:3:28:365, 268, 424, 496

0:3:28:415, 289, 417, 507

0:3:28:465, 279, 416, 488

0:3:28:515, 287, 415, 486

0:3:28:565, 303, 399, 485

0:3:28:615, 273, 443, 503

0:3:28:665, 264, 428, 476

0:3:28:715, 257, 455, 483

0:3:28:765, 266, 432, 494

0:3:28:815, 287, 426, 475

0:3:28:865, 289, 422, 483

0:3:28:915, 278, 428, 487

0:3:28:965, 278, 430, 490

0:3:29:15, 276, 423, 483

0:3:29:249, 270, 433, 483

0:3:29:299, 286, 423, 492

0:3:29:349, 283, 424, 489

0:3:29:399, 289, 421, 478

0:3:29:499, 274, 421, 487

0:3:29:565, 270, 448, 490

0:3:29:615, 245, 435, 480

0:3:29:665, 305, 419, 499

0:3:29:715, 243, 449, 488

0:3:29:765, 328, 366, 511

0:3:29:815, 271, 437, 502

0:3:29:865, 252, 381, 520

0:3:29:915, 357, 405, 499

0:3:29:965, 248, 427, 504

0:3:30:16, 293, 409, 515
